Price,Close,High,Low,Open,Volume
Ticker,USDKWD=X,USDKWD=X,USDKWD=X,USDKWD=X,USDKWD=X
Date,,,,,
2003-12-01,0.2944500148296356,0.2944500148296356,0.2928299903869629,0.29409998655319214,0
2003-12-02,0.2944500148296356,0.2944500148296356,0.2915099859237671,0.29177001118659973,0
2003-12-03,0.2939999997615814,0.2939999997615814,0.2925899922847748,0.2926900088787079,0
2003-12-04,0.2943499982357025,0.2943499982357025,0.29280000925064087,0.29280000925064087,0
2003-12-05,0.29284000396728516,0.2932400107383728,0.29276999831199646,0.2931700050830841,0
2003-12-08,0.2939999997615814,0.2939999997615814,0.29249000549316406,0.2932099997997284,0
2003-12-09,0.2939999997615814,0.2939999997615814,0.29241999983787537,0.292930006980896,0
2003-12-10,0.2944500148296356,0.2944500148296356,0.29300999641418457,0.29319000244140625,0
2003-12-11,0.29464998841285706,0.29464998841285706,0.2931399941444397,0.2934199869632721,0
2003-12-12,0.2944999933242798,0.2944999933242798,0.29284000396728516,0.293179988861084,0
2003-12-15,0.2941499948501587,0.2941499948501587,0.2928900122642517,0.2932400107383728,0
2003-12-16,0.29319998621940613,0.2932699918746948,0.292820006608963,0.29291000962257385,0
2003-12-17,0.29420000314712524,0.29420000314712524,0.2926900088787079,0.29322999715805054,0
2003-12-18,0.29409998655319214,0.29409998655319214,0.29322999715805054,0.29330000281333923,0
2003-12-19,0.2933799922466278,0.2935299873352051,0.29315999150276184,0.2932499945163727,0
2003-12-22,0.2944500148296356,0.2944500148296356,0.29308000206947327,0.2933399975299835,0
2003-12-23,0.2944500148296356,0.2944500148296356,0.2931100130081177,0.2944500148296356,0
2003-12-24,0.29420000314712524,0.2944500148296356,0.29420000314712524,0.2944500148296356,0
2003-12-25,0.29420000314712524,0.29420000314712524,0.29420000314712524,0.29420000314712524,0
2003-12-29,0.2943499982357025,0.2943499982357025,0.29287999868392944,0.29420000314712524,0
2003-12-30,0.29440000653266907,0.29440000653266907,0.2930600047111511,0.29328998923301697,0
2003-12-31,0.2941499948501587,0.2941499948501587,0.2941499948501587,0.2941499948501587,0
2004-01-01,0.2941499948501587,0.2941499948501587,0.2941499948501587,0.2941499948501587,0
2004-01-02,0.2929899990558624,0.2932499945163727,0.29269999265670776,0.2928900122642517,0
2004-01-05,0.29420000314712524,0.29420000314712524,0.29256999492645264,0.2929399907588959,0
2004-01-06,0.29420000314712524,0.29420000314712524,0.29300999641418457,0.2932400107383728,0
2004-01-07,0.29420000314712524,0.29420000314712524,0.2931300103664398,0.29420000314712524,0
2004-01-08,0.2941499948501587,0.29420000314712524,0.29124000668525696,0.29420000314712524,0
2004-01-09,0.29322001338005066,0.29350998997688293,0.2912999987602234,0.2934899926185608,0
2004-01-12,0.2943499982357025,0.2943499982357025,0.2924700081348419,0.2932499945163727,0
2004-01-13,0.2943499982357025,0.2943499982357025,0.2930999994277954,0.2931700050830841,0
2004-01-14,0.2944500148296356,0.2944500148296356,0.2919900119304657,0.2943499982357025,0
2004-01-15,0.2944500148296356,0.2934499979019165,0.29311999678611755,0.29322999715805054,0
2004-01-16,0.2948499917984009,0.2948499917984009,0.29304999113082886,0.2934100031852722,0
2004-01-19,0.2944999933242798,0.2944999933242798,0.2931700050830841,0.2936199903488159,0
2004-01-20,0.2944999933242798,0.2935599982738495,0.29280000925064087,0.29350000619888306,0
2004-01-21,0.2943499982357025,0.2943499982357025,0.2915099859237671,0.2932499945163727,0
2004-01-22,0.2943499982357025,0.2943499982357025,0.29291999340057373,0.2932499945163727,0
2004-01-23,0.2943499982357025,0.29326000809669495,0.29322999715805054,0.29326000809669495,0
2004-01-26,0.2944999933242798,0.2944999933242798,0.29319000244140625,0.29326000809669495,0
2004-01-27,0.2946000099182129,0.2946000099182129,0.2932499945163727,0.29326000809669495,0
2004-01-28,0.2944500148296356,0.2934199869632721,0.2931300103664398,0.29326000809669495,0
2004-01-29,0.2944500148296356,0.2944500148296356,0.29302000999450684,0.2932499945163727,0
2004-01-30,0.2932499945163727,0.29333001375198364,0.2917500138282776,0.2932499945163727,0
2004-02-02,0.2944500148296356,0.2944500148296356,0.2932499945163727,0.29326000809669495,0
2004-02-03,0.2944500148296356,0.2944500148296356,0.2932499945163727,0.2944500148296356,0
2004-02-04,0.2944500148296356,0.2944500148296356,0.2932499945163727,0.2932499945163727,0
2004-02-05,0.2944500148296356,0.29326000809669495,0.2932499945163727,0.29326000809669495,0
2004-02-06,0.29326000809669495,0.29326000809669495,0.2917500138282776,0.29326000809669495,0
2004-02-09,0.2944500148296356,0.2932800054550171,0.29311999678611755,0.29322001338005066,0
2004-02-10,0.2944500148296356,0.2944500148296356,0.29311999678611755,0.2932099997997284,0
2004-02-11,0.2944999933242798,0.2944999933242798,0.29322001338005066,0.2932499945163727,0
2004-02-12,0.2944999933242798,0.29335999488830566,0.2932400107383728,0.29326000809669495,0
2004-02-13,0.29326000809669495,0.29346001148223877,0.2931100130081177,0.29322999715805054,0
2004-02-16,0.2944999933242798,0.2944999933242798,0.2931700050830841,0.2932699918746948,0
2004-02-17,0.2944999933242798,0.2944999933242798,0.29284998774528503,0.2932499945163727,0
2004-02-18,0.2944999933242798,0.2944999933242798,0.293040007352829,0.2932499945163727,0
2004-02-19,0.29499998688697815,0.29499998688697815,0.29315999150276184,0.2944999933242798,0
2004-02-20,0.2932099997997284,0.2932099997997284,0.2931700050830841,0.29319998621940613,0
2004-02-23,0.29499998688697815,0.29499998688697815,0.2931399941444397,0.29499998688697815,0
2004-02-24,0.29499998688697815,0.29499998688697815,0.2931399941444397,0.2931700050830841,0
2004-02-25,0.2932800054550171,0.29499998688697815,0.2930999994277954,0.29499998688697815,0
2004-02-26,0.29499998688697815,0.29499998688697815,0.29315999150276184,0.2932800054550171,0
2004-02-27,0.29499998688697815,0.29499998688697815,0.2931399941444397,0.2931700050830841,0
2004-03-01,0.29440000653266907,0.29440000653266907,0.2931300103664398,0.29328998923301697,0
2004-03-02,0.29440000653266907,0.29440000653266907,0.2917400002479553,0.2931700050830841,0
2004-03-03,0.29440000653266907,0.29440000653266907,0.29322001338005066,0.2933500111103058,0
2004-03-04,0.29440000653266907,0.2931700050830841,0.2931300103664398,0.2931300103664398,0
2004-03-05,0.2931300103664398,0.29440000653266907,0.29166001081466675,0.29440000653266907,0
2004-03-08,0.29440000653266907,0.29440000653266907,0.2932499945163727,0.29440000653266907,0
2004-03-09,0.29440000653266907,0.29440000653266907,0.2931399941444397,0.2931700050830841,0
2004-03-10,0.29455000162124634,0.29455000162124634,0.2917400002479553,0.2931700050830841,0
2004-03-11,0.29499998688697815,0.29499998688697815,0.29304999113082886,0.2931700050830841,0
2004-03-12,0.29499998688697815,0.29333001375198364,0.2931399941444397,0.2932400107383728,0
2004-03-15,0.2946000099182129,0.2946000099182129,0.2930999994277954,0.29315000772476196,0
2004-03-16,0.2946000099182129,0.2933399975299835,0.29300999641418457,0.29330000281333923,0
2004-03-17,0.2944500148296356,0.2946000099182129,0.29319998621940613,0.2946000099182129,0
2004-03-18,0.2944500148296356,0.2944500148296356,0.29295000433921814,0.2932800054550171,0
2004-03-19,0.2932400107383728,0.29326000809669495,0.2930299937725067,0.2930600047111511,0
2004-03-22,0.2946000099182129,0.2946000099182129,0.292930006980896,0.29326000809669495,0
2004-03-23,0.2946000099182129,0.29346999526023865,0.2929899990558624,0.2929899990558624,0
2004-03-24,0.2946000099182129,0.2946000099182129,0.2932699918746948,0.29328998923301697,0
2004-03-25,0.2946000099182129,0.2946000099182129,0.29304999113082886,0.2934899926185608,0
2004-03-26,0.2946000099182129,0.29328998923301697,0.2929700016975403,0.29319998621940613,0
2004-03-29,0.2946000099182129,0.2946000099182129,0.2930600047111511,0.2932099997997284,0
2004-03-30,0.2946000099182129,0.2946000099182129,0.2931399941444397,0.2946000099182129,0
2004-03-31,0.29429998993873596,0.29429998993873596,0.292930006980896,0.2933099865913391,0
2004-04-01,0.2932499945163727,0.2934400141239166,0.2929399907588959,0.2931700050830841,0
2004-04-02,0.29328998923301697,0.29343000054359436,0.2904300093650818,0.2932400107383728,0
2004-04-05,0.29330000281333923,0.29330000281333923,0.29330000281333923,0.29330000281333923,0
2004-04-06,0.2944999933242798,0.2944999933242798,0.29328998923301697,0.29330000281333923,0
2004-04-07,0.2944999933242798,0.2944999933242798,0.2930299937725067,0.2944999933242798,0
2004-04-08,0.2944999933242798,0.2944999933242798,0.2932800054550171,0.29330000281333923,0
2004-04-09,0.2944999933242798,0.2944999933242798,0.2944999933242798,0.2944999933242798,0
2004-04-13,0.2944999933242798,0.2944999933242798,0.29319998621940613,0.29319998621940613,0
2004-04-14,0.2946000099182129,0.2946000099182129,0.29308000206947327,0.29339998960494995,0
2004-04-15,0.2944999933242798,0.2944999933242798,0.2930000126361847,0.29311999678611755,0
2004-04-16,0.2933099865913391,0.29339998960494995,0.29179999232292175,0.29322999715805054,0
2004-04-19,0.2944999933242798,0.2944999933242798,0.2931100130081177,0.29315000772476196,0
2004-04-20,0.2944999933242798,0.2935900092124939,0.29179999232292175,0.29322999715805054,0
2004-04-21,0.2944999933242798,0.2944999933242798,0.29179999232292175,0.2933099865913391,0
2004-04-22,0.2933099865913391,0.2944999933242798,0.2931399941444397,0.2933099865913391,0
2004-04-23,0.2944999933242798,0.2944999933242798,0.29179999232292175,0.29308000206947327,0
2004-04-26,0.29499998688697815,0.29499998688697815,0.2931399941444397,0.2933099865913391,0
2004-04-27,0.29499998688697815,0.29499998688697815,0.29179999232292175,0.2933099865913391,0
2004-04-28,0.29499998688697815,0.29350998997688293,0.2931399941444397,0.29315000772476196,0
2004-04-29,0.29499998688697815,0.29499998688697815,0.2917500138282776,0.2933099865913391,0
2004-04-30,0.29330000281333923,0.2933500111103058,0.2932400107383728,0.2933099865913391,0
2004-05-03,0.29499998688697815,0.29499998688697815,0.2932800054550171,0.29328998923301697,0
2004-05-04,0.29499998688697815,0.29499998688697815,0.29319000244140625,0.2933099865913391,0
2004-05-05,0.29499998688697815,0.29333001375198364,0.2930999994277954,0.29330000281333923,0
2004-05-06,0.29499998688697815,0.29499998688697815,0.2931399941444397,0.2931399941444397,0
2004-05-07,0.29409000277519226,0.29409998655319214,0.2887600064277649,0.2935299873352051,0
2004-05-10,0.29464998841285706,0.2934100031852722,0.293179988861084,0.2932499945163727,0
2004-05-11,0.29464998841285706,0.29464998841285706,0.2930999994277954,0.2933099865913391,0
2004-05-12,0.2944999933242798,0.2944999933242798,0.293069988489151,0.29330000281333923,0
2004-05-13,0.2944999933242798,0.2933099865913391,0.2932400107383728,0.2933099865913391,0
2004-05-14,0.2933099865913391,0.2933099865913391,0.29179999232292175,0.2933099865913391,0
2004-05-17,0.2944999933242798,0.2944999933242798,0.2932499945163727,0.29326000809669495,0
2004-05-18,0.2944999933242798,0.2944999933242798,0.29315000772476196,0.29330000281333923,0
2004-05-19,0.2944999933242798,0.2944999933242798,0.292959988117218,0.2933099865913391,0
2004-05-20,0.2944999933242798,0.2944999933242798,0.2944999933242798,0.2944999933242798,0
2004-05-21,0.2944999933242798,0.2944999933242798,0.2930999994277954,0.2933099865913391,0
2004-05-24,0.2944999933242798,0.2944999933242798,0.2932099997997284,0.29335999488830566,0
2004-05-25,0.29499998688697815,0.29499998688697815,0.2928600013256073,0.29330000281333923,0
2004-05-26,0.29330000281333923,0.2933099865913391,0.29271000623703003,0.2933099865913391,0
2004-05-27,0.2944999933242798,0.2944999933242798,0.2926200032234192,0.29330000281333923,0
2004-05-28,0.29429998993873596,0.29429998993873596,0.29322001338005066,0.2933099865913391,0
2004-05-31,0.29429998993873596,0.29429998993873596,0.29429998993873596,0.29429998993873596,0
2004-06-01,0.29429998993873596,0.29429998993873596,0.2932099997997284,0.2932400107383728,0
2004-06-02,0.29429998993873596,0.29429998993873596,0.29330000281333923,0.29330000281333923,0
2004-06-03,0.29429998993873596,0.2934499979019165,0.29315000772476196,0.29330000281333923,0
2004-06-04,0.2932099997997284,0.2933200001716614,0.2888000011444092,0.2933099865913391,0
2004-06-07,0.29429998993873596,0.29429998993873596,0.2932099997997284,0.2933099865913391,0
2004-06-08,0.29429998993873596,0.29429998993873596,0.29319000244140625,0.2933099865913391,0
2004-06-09,0.2946000099182129,0.2946000099182129,0.2932400107383728,0.29330000281333923,0
2004-06-10,0.2946000099182129,0.2946000099182129,0.2930600047111511,0.29330000281333923,0
2004-06-11,0.2946000099182129,0.2946000099182129,0.29328998923301697,0.29330000281333923,0
2004-06-14,0.2946000099182129,0.2946000099182129,0.2932699918746948,0.2946000099182129,0
2004-06-15,0.2946000099182129,0.2946000099182129,0.29179999232292175,0.2946000099182129,0
2004-06-16,0.2946000099182129,0.2933099865913391,0.29330000281333923,0.29330000281333923,0
2004-06-17,0.2946000099182129,0.2946000099182129,0.29304999113082886,0.2933099865913391,0
2004-06-18,0.2933099865913391,0.2946000099182129,0.29287999868392944,0.2946000099182129,0
2004-06-21,0.2946000099182129,0.2933099865913391,0.2928900122642517,0.2933099865913391,0
2004-06-22,0.2946000099182129,0.29333001375198364,0.29319998621940613,0.2932800054550171,0
2004-06-23,0.2946000099182129,0.2933099865913391,0.2929899990558624,0.2933099865913391,0
2004-06-24,0.2946000099182129,0.2946000099182129,0.2929899990558624,0.2946000099182129,0
2004-06-25,0.29499998688697815,0.29499998688697815,0.29304999113082886,0.2933099865913391,0
2004-06-28,0.2946000099182129,0.29499998688697815,0.293040007352829,0.29499998688697815,0
2004-06-29,0.2946000099182129,0.2946000099182129,0.2932499945163727,0.2946000099182129,0
2004-06-30,0.2946000099182129,0.2946000099182129,0.29326000809669495,0.2946000099182129,0
2004-07-01,0.2946000099182129,0.2946000099182129,0.29330000281333923,0.2933099865913391,0
2004-07-02,0.29330000281333923,0.2933099865913391,0.2888000011444092,0.2933099865913391,0
2004-07-05,0.29499998688697815,0.29499998688697815,0.29330000281333923,0.2946000099182129,0
2004-07-06,0.29499998688697815,0.2933099865913391,0.29330000281333923,0.29330000281333923,0
2004-07-07,0.2944999933242798,0.29499998688697815,0.29330000281333923,0.29499998688697815,0
2004-07-08,0.2944999933242798,0.2933099865913391,0.29308998584747314,0.29330000281333923,0
2004-07-09,0.29499998688697815,0.29499998688697815,0.29300999641418457,0.2944999933242798,0
2004-07-12,0.29499998688697815,0.29499998688697815,0.2930000126361847,0.29499998688697815,0
2004-07-13,0.29499998688697815,0.29499998688697815,0.29322999715805054,0.29330000281333923,0
2004-07-14,0.29499998688697815,0.29499998688697815,0.29330000281333923,0.29330000281333923,0
2004-07-15,0.29499998688697815,0.2933099865913391,0.29330000281333923,0.29330000281333923,0
2004-07-16,0.29330000281333923,0.2933099865913391,0.29330000281333923,0.29330000281333923,0
2004-07-19,0.29499998688697815,0.29499998688697815,0.29319998621940613,0.29330000281333923,0
2004-07-20,0.29499998688697815,0.2934199869632721,0.29322001338005066,0.29330000281333923,0
2004-07-21,0.2946999967098236,0.2938700020313263,0.2932400107383728,0.2933099865913391,0
2004-07-22,0.29499998688697815,0.29499998688697815,0.2931399941444397,0.29330000281333923,0
2004-07-23,0.2933399975299835,0.29464998841285706,0.2932099997997284,0.29464998841285706,0
2004-07-26,0.29464998841285706,0.29464998841285706,0.293179988861084,0.29464998841285706,0
2004-07-27,0.29464998841285706,0.29464998841285706,0.2932400107383728,0.2932400107383728,0
2004-07-28,0.29464998841285706,0.29464998841285706,0.29322999715805054,0.29464998841285706,0
2004-07-29,0.29464998841285706,0.29464998841285706,0.2932400107383728,0.2932400107383728,0
2004-07-30,0.29322999715805054,0.2933099865913391,0.29179999232292175,0.2933099865913391,0
2004-08-02,0.29464998841285706,0.29464998841285706,0.2932499945163727,0.2932499945163727,0
2004-08-03,0.29464998841285706,0.2933099865913391,0.2932400107383728,0.29330000281333923,0
2004-08-04,0.29464998841285706,0.2933099865913391,0.2932499945163727,0.29330000281333923,0
2004-08-05,0.29464998841285706,0.29464998841285706,0.29319998621940613,0.2933099865913391,0
2004-08-06,0.29464998841285706,0.29464998841285706,0.28817999362945557,0.29464998841285706,0
2004-08-09,0.29464998841285706,0.29464998841285706,0.29319998621940613,0.2933099865913391,0
2004-08-10,0.29464998841285706,0.29464998841285706,0.2931700050830841,0.2933099865913391,0
2004-08-11,0.29464998841285706,0.29464998841285706,0.2932400107383728,0.2933099865913391,0
2004-08-12,0.29464998841285706,0.29343000054359436,0.29322999715805054,0.29330000281333923,0
2004-08-13,0.2933099865913391,0.29464998841285706,0.2902899980545044,0.29464998841285706,0
2004-08-16,0.29464998841285706,0.29464998841285706,0.29304999113082886,0.2933099865913391,0
2004-08-17,0.29464998841285706,0.2933099865913391,0.29179999232292175,0.2933099865913391,0
2004-08-18,0.29499998688697815,0.29499998688697815,0.2930000126361847,0.29330000281333923,0
2004-08-19,0.29499998688697815,0.29499998688697815,0.29291999340057373,0.29499998688697815,0
2004-08-20,0.29499998688697815,0.29499998688697815,0.2928900122642517,0.29499998688697815,0
2004-08-23,0.29499998688697815,0.29499998688697815,0.2932400107383728,0.29330000281333923,0
2004-08-24,0.29499998688697815,0.29499998688697815,0.29322999715805054,0.29499998688697815,0
2004-08-25,0.29499998688697815,0.2933099865913391,0.29177001118659973,0.29330000281333923,0
2004-08-26,0.29499998688697815,0.29499998688697815,0.2932400107383728,0.29330000281333923,0
2004-08-27,0.29499998688697815,0.29499998688697815,0.2932699918746948,0.29330000281333923,0
2004-08-30,0.29499998688697815,0.29499998688697815,0.29330000281333923,0.2933099865913391,0
2004-08-31,0.29499998688697815,0.29499998688697815,0.29330000281333923,0.29499998688697815,0
2004-09-01,0.29499998688697815,0.2933099865913391,0.29322999715805054,0.2933099865913391,0
2004-09-02,0.29499998688697815,0.29499998688697815,0.2932400107383728,0.29330000281333923,0
2004-09-03,0.2933099865913391,0.2933099865913391,0.29179999232292175,0.2932499945163727,0
2004-09-06,0.29499998688697815,0.29499998688697815,0.2932400107383728,0.29499998688697815,0
2004-09-07,0.29499998688697815,0.29499998688697815,0.2932499945163727,0.2933099865913391,0
2004-09-08,0.29499998688697815,0.2933099865913391,0.29291999340057373,0.2933099865913391,0
2004-09-09,0.29499998688697815,0.29499998688697815,0.29295000433921814,0.292959988117218,0
2004-09-10,0.29499998688697815,0.2933099865913391,0.29179999232292175,0.29330000281333923,0
2004-09-13,0.29464998841285706,0.29499998688697815,0.29319998621940613,0.29499998688697815,0
2004-09-14,0.29464998841285706,0.29464998841285706,0.29304999113082886,0.2931399941444397,0
2004-09-15,0.29464998841285706,0.2933099865913391,0.29330000281333923,0.2933099865913391,0
2004-09-16,0.29464998841285706,0.29464998841285706,0.2932400107383728,0.29464998841285706,0
2004-09-17,0.29464998841285706,0.29464998841285706,0.29330000281333923,0.2933099865913391,0
2004-09-20,0.29464998841285706,0.2933099865913391,0.2932400107383728,0.29330000281333923,0
2004-09-21,0.29464998841285706,0.29464998841285706,0.29319998621940613,0.2933099865913391,0
2004-09-22,0.29464998841285706,0.29464998841285706,0.29319998621940613,0.29319998621940613,0
2004-09-23,0.29464998841285706,0.29464998841285706,0.29319998621940613,0.29319998621940613,0
2004-09-24,0.29464998841285706,0.29464998841285706,0.29319998621940613,0.29464998841285706,0
2004-09-27,0.29464998841285706,0.29464998841285706,0.29319998621940613,0.29319998621940613,0
2004-09-28,0.29464998841285706,0.29464998841285706,0.29319998621940613,0.29464998841285706,0
2004-09-29,0.29499998688697815,0.29499998688697815,0.29319998621940613,0.29319998621940613,0
2004-09-30,0.29499998688697815,0.29499998688697815,0.29304999113082886,0.29319998621940613,0
2004-10-01,0.2932099997997284,0.29499998688697815,0.2929899990558624,0.29499998688697815,0
2004-10-04,0.2946000099182129,0.2946000099182129,0.29315999150276184,0.29322001338005066,0
2004-10-05,0.2946000099182129,0.2946000099182129,0.29319998621940613,0.2946000099182129,0
2004-10-06,0.2946000099182129,0.2946000099182129,0.29319998621940613,0.2946000099182129,0
2004-10-07,0.2946000099182129,0.2946000099182129,0.29319998621940613,0.29319998621940613,0
2004-10-08,0.29319998621940613,0.2932699918746948,0.28870001435279846,0.29319998621940613,0
2004-10-11,0.2946000099182129,0.2946000099182129,0.292930006980896,0.29297998547554016,0
2004-10-12,0.2946000099182129,0.2946000099182129,0.29319998621940613,0.29319998621940613,0
2004-10-13,0.2946000099182129,0.2946000099182129,0.29319998621940613,0.2946000099182129,0
2004-10-14,0.2944999933242798,0.2944999933242798,0.29019999504089355,0.29319998621940613,0
2004-10-15,0.2944999933242798,0.2944999933242798,0.29267001152038574,0.29319998621940613,0
2004-10-18,0.2944999933242798,0.2944999933242798,0.29271000623703003,0.29319998621940613,0
2004-10-19,0.2944999933242798,0.2946999967098236,0.2926799952983856,0.2927800118923187,0
2004-10-20,0.2944999933242798,0.2946999967098236,0.29319998621940613,0.2944999933242798,0
2004-10-21,0.2944999933242798,0.2946999967098236,0.29297998547554016,0.29308998584747314,0
2004-10-22,0.2944999933242798,0.2946999967098236,0.2929899990558624,0.2944999933242798,0
2004-10-25,0.2944999933242798,0.2946999967098236,0.2931399941444397,0.2932099997997284,0
2004-10-26,0.2944999933242798,0.29471999406814575,0.2931399941444397,0.29319998621940613,0
2004-10-27,0.2944999933242798,0.29471999406814575,0.29315000772476196,0.2932800054550171,0
2004-10-29,0.2944999933242798,0.2946999967098236,0.293179988861084,0.29319998621940613,0
2004-11-01,0.2944999933242798,0.2946999967098236,0.29319998621940613,0.2944999933242798,0
2004-11-02,0.2944999933242798,0.29471999406814575,0.29319000244140625,0.2944999933242798,0
2004-11-03,0.2944999933242798,0.2946999967098236,0.29319998621940613,0.29319998621940613,0
2004-11-04,0.2944999933242798,0.2946999967098236,0.292820006608963,0.2932099997997284,0
2004-11-05,0.2944999933242798,0.2946999967098236,0.28870001435279846,0.2928699851036072,0
2004-11-08,0.2944999933242798,0.2946999967098236,0.29319998621940613,0.2932499945163727,0
2004-11-09,0.2944999933242798,0.2946999967098236,0.29319998621940613,0.29319998621940613,0
2004-11-10,0.2944999933242798,0.2946999967098236,0.29319998621940613,0.2932099997997284,0
2004-11-11,0.29499998688697815,0.29499998688697815,0.29319998621940613,0.29322999715805054,0
2004-11-12,0.29499998688697815,0.29499998688697815,0.2932499945163727,0.29499998688697815,0
2004-11-15,0.29499998688697815,0.29499998688697815,0.29319000244140625,0.29319998621940613,0
2004-11-16,0.2946000099182129,0.29499998688697815,0.29319998621940613,0.29499998688697815,0
2004-11-17,0.2944999933242798,0.2946999967098236,0.2930000126361847,0.2932099997997284,0
2004-11-18,0.2944999933242798,0.2946999967098236,0.2928600013256073,0.2932099997997284,0
2004-11-19,0.2944999933242798,0.2946999967098236,0.29280999302864075,0.29319998621940613,0
2004-11-22,0.2946999967098236,0.2946999967098236,0.29284000396728516,0.2932099997997284,0
2004-11-23,0.2946999967098236,0.2946999967098236,0.29276999831199646,0.2932099997997284,0
2004-11-24,0.2944999933242798,0.2946999967098236,0.29273998737335205,0.2932400107383728,0
2004-11-25,0.29319998621940613,0.2944999933242798,0.29319998621940613,0.2944999933242798,0
2004-11-26,0.2944999933242798,0.2946999967098236,0.29319998621940613,0.2944999933242798,0
2004-11-29,0.2944999933242798,0.2946999967098236,0.29319998621940613,0.2932099997997284,0
2004-11-30,0.2944999933242798,0.2946999967098236,0.29319998621940613,0.2944999933242798,0
2004-12-01,0.2944999933242798,0.2946999967098236,0.29319998621940613,0.2944999933242798,0
2004-12-02,0.2944999933242798,0.2946999967098236,0.29319998621940613,0.29319998621940613,0
2004-12-03,0.2944999933242798,0.2946999967098236,0.2902899980545044,0.29319998621940613,0
2004-12-06,0.2944999933242798,0.2946999967098236,0.29319998621940613,0.2944999933242798,0
2004-12-07,0.2944999933242798,0.2946999967098236,0.29315999150276184,0.2944999933242798,0
2004-12-08,0.2944999933242798,0.2946999967098236,0.29319998621940613,0.2932099997997284,0
2004-12-09,0.2944999933242798,0.2946999967098236,0.29319998621940613,0.2932099997997284,0
2004-12-10,0.2944999933242798,0.2946999967098236,0.29319998621940613,0.2932099997997284,0
2004-12-13,0.2944999933242798,0.2946999967098236,0.29315999150276184,0.2932099997997284,0
2004-12-14,0.2944999933242798,0.2946999967098236,0.2931700050830841,0.2932400107383728,0
2004-12-15,0.2944999933242798,0.2946999967098236,0.292959988117218,0.2933399975299835,0
2004-12-16,0.2944999933242798,0.2946999967098236,0.293179988861084,0.2932099997997284,0
2004-12-17,0.2944999933242798,0.29467999935150146,0.2932699918746948,0.2934899926185608,0
2004-12-20,0.2944999933242798,0.2946999967098236,0.29315999150276184,0.2932499945163727,0
2004-12-21,0.2944999933242798,0.2946999967098236,0.29319998621940613,0.29319998621940613,0
2004-12-22,0.2944999933242798,0.2946999967098236,0.29319998621940613,0.2944999933242798,0
2004-12-23,0.2944999933242798,0.29467999935150146,0.29319998621940613,0.2932499945163727,0
2004-12-27,0.2944999933242798,0.2946999967098236,0.29319998621940613,0.29319998621940613,0
2004-12-28,0.2944999933242798,0.2946999967098236,0.29319998621940613,0.2932099997997284,0
2004-12-29,0.2944999933242798,0.2946999967098236,0.29319998621940613,0.29328998923301697,0
2004-12-30,0.2944999933242798,0.2946999967098236,0.29319998621940613,0.29319998621940613,0
2004-12-31,0.2944999933242798,0.29326000809669495,0.29326000809669495,0.29326000809669495,0
2005-01-03,0.29471999406814575,0.2906000018119812,0.2904999852180481,0.29050999879837036,0
2005-01-04,0.2918500006198883,0.29471999406814575,0.2904999852180481,0.29471999406814575,0
2005-01-05,0.2946999967098236,0.2946999967098236,0.2904999852180481,0.2918500006198883,0
2005-01-06,0.2918500006198883,0.2946999967098236,0.2904999852180481,0.2904999852180481,0
2005-01-07,0.2918500006198883,0.2946999967098236,0.2904999852180481,0.2904999852180481,0
2005-01-10,0.2946999967098236,0.2946999967098236,0.2904999852180481,0.2904999852180481,0
2005-01-11,0.2918500006198883,0.29190000891685486,0.2904999852180481,0.2904999852180481,0
2005-01-12,0.2918500006198883,0.29490000009536743,0.2904999852180481,0.29050999879837036,0
2005-01-13,0.2918500006198883,0.2919999957084656,0.2904999852180481,0.2904999852180481,0
2005-01-14,0.2946999967098236,0.2946999967098236,0.2904999852180481,0.29050999879837036,0
2005-01-17,0.2918500006198883,0.29190000891685486,0.2904999852180481,0.2918500006198883,0
2005-01-18,0.2918500006198883,0.291949987411499,0.2904999852180481,0.2904999852180481,0
2005-01-19,0.2918500006198883,0.291949987411499,0.2904999852180481,0.29050999879837036,0
2005-01-20,0.2918500006198883,0.29190000891685486,0.2904999852180481,0.2904999852180481,0
2005-01-21,0.291949987411499,0.291949987411499,0.2904999852180481,0.2904999852180481,0
2005-01-24,0.2918500006198883,0.291949987411499,0.2904900014400482,0.29050999879837036,0
2005-01-25,0.2918500006198883,0.291949987411499,0.2904999852180481,0.2904999852180481,0
2005-01-26,0.2918500006198883,0.291949987411499,0.29030999541282654,0.2918500006198883,0
2005-01-27,0.2918500006198883,0.291949987411499,0.29025998711586,0.29050999879837036,0
2005-01-28,0.29190000891685486,0.291949987411499,0.2903600037097931,0.2904999852180481,0
2005-01-31,0.2918500006198883,0.2919999957084656,0.2904999852180481,0.2904999852180481,0
2005-02-01,0.291949987411499,0.2919999957084656,0.2904999852180481,0.29050999879837036,0
2005-02-02,0.2918500006198883,0.291949987411499,0.2904999852180481,0.2904999852180481,0
2005-02-03,0.2918500006198883,0.291949987411499,0.2904999852180481,0.2918500006198883,0
2005-02-04,0.29190000891685486,0.291949987411499,0.289000004529953,0.2904999852180481,0
2005-02-07,0.2918500006198883,0.2919999957084656,0.2904999852180481,0.29082998633384705,0
2005-02-08,0.2918500006198883,0.2919999957084656,0.2904999852180481,0.2905299961566925,0
2005-02-09,0.2918500006198883,0.2919999957084656,0.2904999852180481,0.2918500006198883,0
2005-02-10,0.2918500006198883,0.2919999957084656,0.2904999852180481,0.2904999852180481,0
2005-02-11,0.2919999957084656,0.2919999957084656,0.2904999852180481,0.29050999879837036,0
2005-02-14,0.2918500006198883,0.2918500006198883,0.29041001200675964,0.2905299961566925,0
2005-02-15,0.2918500006198883,0.2919999957084656,0.29036998748779297,0.29054000973701477,0
2005-02-16,0.2918500006198883,0.2919999957084656,0.29045000672340393,0.2905299961566925,0
2005-02-17,0.2918500006198883,0.2919999957084656,0.2904900014400482,0.29054999351501465,0
2005-02-18,0.2919999957084656,0.2919999957084656,0.2904700040817261,0.2904999852180481,0
2005-02-21,0.2918500006198883,0.2906300127506256,0.29045000672340393,0.29058000445365906,0
2005-02-22,0.2917500138282776,0.2919999957084656,0.2902100086212158,0.2902100086212158,0
2005-02-23,0.2917500138282776,0.2919999957084656,0.2904999852180481,0.2905299961566925,0
2005-02-24,0.2917500138282776,0.2919999957084656,0.29047998785972595,0.29054999351501465,0
2005-02-25,0.2905299961566925,0.29071998596191406,0.2904999852180481,0.29050999879837036,0
2005-02-28,0.2917500138282776,0.2919999957084656,0.2902500033378601,0.2904999852180481,0
2005-03-01,0.2917500138282776,0.2919999957084656,0.29047998785972595,0.2917500138282776,0
2005-03-02,0.2917500138282776,0.2919999957084656,0.2904999852180481,0.29054000973701477,0
2005-03-03,0.2917500138282776,0.2919999957084656,0.29045000672340393,0.2917500138282776,0
2005-03-04,0.2919999957084656,0.2919999957084656,0.28600001335144043,0.2917500138282776,0
2005-03-07,0.29054999351501465,0.2906999886035919,0.2904999852180481,0.29054999351501465,0
2005-03-08,0.2917500138282776,0.2917500138282776,0.2902500033378601,0.29065001010894775,0
2005-03-09,0.2917500138282776,0.2917500138282776,0.290149986743927,0.2903299927711487,0
2005-03-10,0.2917500138282776,0.2917500138282776,0.2900800108909607,0.2917500138282776,0
2005-03-11,0.2904900014400482,0.2907400131225586,0.2904900014400482,0.2904999852180481,0
2005-03-14,0.2917500138282776,0.2917500138282776,0.2904999852180481,0.29058000445365906,0
2005-03-15,0.2917500138282776,0.2917500138282776,0.2904599905014038,0.29050999879837036,0
2005-03-16,0.2917500138282776,0.2917500138282776,0.29045000672340393,0.29054999351501465,0
2005-03-17,0.29190999269485474,0.2921200096607208,0.2904999852180481,0.29050999879837036,0
2005-03-18,0.29190000891685486,0.2922399938106537,0.2904999852180481,0.29190000891685486,0
2005-03-21,0.29190999269485474,0.2923699915409088,0.2904999852180481,0.29221999645233154,0
2005-03-22,0.2917500138282776,0.29203000664711,0.2904700040817261,0.29190000891685486,0
2005-03-23,0.29190999269485474,0.2921999990940094,0.2904999852180481,0.2917500138282776,0
2005-03-24,0.29190999269485474,0.29218998551368713,0.2904999852180481,0.29214999079704285,0
2005-03-25,0.29190999269485474,0.2921000123023987,0.29190000891685486,0.29190000891685486,0
2005-03-28,0.2917500138282776,0.2920899987220764,0.29190000891685486,0.2920899987220764,0
2005-03-29,0.2917500138282776,0.29207998514175415,0.2904999852180481,0.29190999269485474,0
2005-03-30,0.2917500138282776,0.2920700013637543,0.29045000672340393,0.29190000891685486,0
2005-03-31,0.29190000891685486,0.2921000123023987,0.2903900146484375,0.29190000891685486,0
2005-04-01,0.2919999957084656,0.29205000400543213,0.289000004529953,0.29190000891685486,0
2005-04-04,0.29190000891685486,0.2920199930667877,0.2904999852180481,0.29190000891685486,0
2005-04-05,0.29190000891685486,0.2920199930667877,0.29038000106811523,0.29190000891685486,0
2005-04-06,0.2917500138282776,0.2920700013637543,0.2904999852180481,0.29190000891685486,0
2005-04-07,0.2917500138282776,0.2919999957084656,0.2904599905014038,0.29190000891685486,0
2005-04-08,0.2919999957084656,0.2920199930667877,0.2904999852180481,0.29190000891685486,0
2005-04-11,0.29190999269485474,0.29203000664711,0.2904999852180481,0.2919999957084656,0
2005-04-12,0.29190000891685486,0.2919999957084656,0.2904999852180481,0.29190999269485474,0
2005-04-13,0.2917500138282776,0.2920199930667877,0.2904999852180481,0.29190999269485474,0
2005-04-14,0.29190999269485474,0.2919999957084656,0.2904999852180481,0.29190999269485474,0
2005-04-15,0.29190000891685486,0.29201000928878784,0.2904999852180481,0.29190000891685486,0
2005-04-18,0.29194000363349915,0.29203000664711,0.2903999984264374,0.291949987411499,0
2005-04-19,0.2917500138282776,0.29203000664711,0.2903999984264374,0.291949987411499,0
2005-04-20,0.29190000891685486,0.29203000664711,0.2903499901294708,0.29190000891685486,0
2005-04-21,0.29190000891685486,0.292059987783432,0.29043999314308167,0.29190999269485474,0
2005-04-22,0.29190999269485474,0.2920700013637543,0.2904599905014038,0.29190000891685486,0
2005-04-25,0.29190000891685486,0.2921000123023987,0.2904999852180481,0.29190000891685486,0
2005-04-26,0.29190999269485474,0.29295000433921814,0.2904999852180481,0.29190999269485474,0
2005-04-27,0.2917500138282776,0.292059987783432,0.29036998748779297,0.29190000891685486,0
2005-04-28,0.29190000891685486,0.29207998514175415,0.2904999852180481,0.2920700013637543,0
2005-04-29,0.29190999269485474,0.292059987783432,0.2903499901294708,0.292059987783432,0
2005-05-02,0.2917500138282776,0.2922300100326538,0.2904999852180481,0.2917500138282776,0
2005-05-03,0.2917500138282776,0.292059987783432,0.29043999314308167,0.29201000928878784,0
2005-05-04,0.2919299900531769,0.292059987783432,0.29036998748779297,0.29201000928878784,0
2005-05-05,0.2920199930667877,0.29203000664711,0.2917500138282776,0.2919299900531769,0
2005-05-06,0.2922700047492981,0.2922999858856201,0.29054999351501465,0.2920199930667877,0
2005-05-09,0.29190999269485474,0.2923800051212311,0.2904999852180481,0.29232001304626465,0
2005-05-10,0.29190999269485474,0.292059987783432,0.2904300093650818,0.29203000664711,0
2005-05-11,0.2917500138282776,0.292279988527298,0.29045000672340393,0.29190000891685486,0
2005-05-12,0.2917500138282776,0.29218000173568726,0.29045000672340393,0.29190000891685486,0
2005-05-13,0.29243001341819763,0.29243001341819763,0.2904999852180481,0.29190000891685486,0
2005-05-16,0.2917500138282776,0.29249998927116394,0.29179999232292175,0.29249000549316406,0
2005-05-17,0.29190000891685486,0.2920199930667877,0.2903499901294708,0.29183998703956604,0
2005-05-18,0.2917500138282776,0.2920199930667877,0.29036998748779297,0.29190999269485474,0
2005-05-19,0.2917500138282776,0.2920199930667877,0.2902800142765045,0.29190000891685486,0
2005-05-20,0.2919600009918213,0.29295000433921814,0.2904999852180481,0.29190000891685486,0
2005-05-23,0.291949987411499,0.2920199930667877,0.2904300093650818,0.291949987411499,0
2005-05-24,0.2917500138282776,0.29205000400543213,0.2904999852180481,0.291949987411499,0
2005-05-25,0.2917500138282776,0.2920199930667877,0.2904999852180481,0.2919600009918213,0
2005-05-26,0.29190000891685486,0.2920199930667877,0.2904999852180481,0.29190999269485474,0
2005-05-27,0.291949987411499,0.2920199930667877,0.2904999852180481,0.29190999269485474,0
2005-05-30,0.29249998927116394,0.29203000664711,0.2904999852180481,0.29203000664711,0
2005-05-31,0.29190000891685486,0.29203000664711,0.2904999852180481,0.29190000891685486,0
2005-06-01,0.29190000891685486,0.29201000928878784,0.2904999852180481,0.29190999269485474,0
2005-06-02,0.29190000891685486,0.29201000928878784,0.2904300093650818,0.29190999269485474,0
2005-06-03,0.29190999269485474,0.29210999608039856,0.2874000072479248,0.29190000891685486,0
2005-06-06,0.29186999797821045,0.2920199930667877,0.2903600037097931,0.29190000891685486,0
2005-06-07,0.2919900119304657,0.29201000928878784,0.2902500033378601,0.2918800115585327,0
2005-06-08,0.29190000891685486,0.29218998551368713,0.29045000672340393,0.2919999957084656,0
2005-06-09,0.29190999269485474,0.29214999079704285,0.2904999852180481,0.29190999269485474,0
2005-06-10,0.29190999269485474,0.29236000776290894,0.2904999852180481,0.29190999269485474,0
2005-06-13,0.29190000891685486,0.2923699915409088,0.2904999852180481,0.29236000776290894,0
2005-06-14,0.29190999269485474,0.29214999079704285,0.2904599905014038,0.29050999879837036,0
2005-06-15,0.29190000891685486,0.2921000123023987,0.2904999852180481,0.29190000891685486,0
2005-06-16,0.29190000891685486,0.29205000400543213,0.29036998748779297,0.291920006275177,0
2005-06-17,0.29190999269485474,0.29201000928878784,0.2903200089931488,0.29190999269485474,0
2005-06-20,0.29190999269485474,0.2920899987220764,0.2903299927711487,0.2920199930667877,0
2005-06-21,0.29190000891685486,0.29207998514175415,0.2903499901294708,0.29190999269485474,0
2005-06-22,0.29190000891685486,0.29221001267433167,0.29027000069618225,0.29190000891685486,0
2005-06-23,0.29190000891685486,0.29214999079704285,0.29041001200675964,0.2919600009918213,0
2005-06-24,0.29190999269485474,0.29203000664711,0.29038000106811523,0.29197001457214355,0
2005-06-27,0.29190000891685486,0.29203999042510986,0.2902199923992157,0.29179999232292175,0
2005-06-28,0.29190000891685486,0.29205000400543213,0.29045000672340393,0.29205000400543213,0
2005-06-29,0.29190000891685486,0.2921200096607208,0.2903900146484375,0.29203999042510986,0
2005-06-30,0.29190000891685486,0.29203999042510986,0.29038000106811523,0.2918500006198883,0
2005-07-01,0.29190999269485474,0.29203000664711,0.2904999852180481,0.29190000891685486,0
2005-07-04,0.29190000891685486,0.29201000928878784,0.2904999852180481,0.29190999269485474,0
2005-07-05,0.29190000891685486,0.29201000928878784,0.2904999852180481,0.29190000891685486,0
2005-07-06,0.29190999269485474,0.29201000928878784,0.2904999852180481,0.29190000891685486,0
2005-07-07,0.29190000891685486,0.29201000928878784,0.2904999852180481,0.29190000891685486,0
2005-07-08,0.29190999269485474,0.29201000928878784,0.2904999852180481,0.29190000891685486,0
2005-07-11,0.29190000891685486,0.29203000664711,0.2904999852180481,0.29190999269485474,0
2005-07-12,0.29190000891685486,0.29201000928878784,0.2904999852180481,0.29190000891685486,0
2005-07-13,0.29190000891685486,0.29201000928878784,0.2904999852180481,0.29190999269485474,0
2005-07-14,0.29190000891685486,0.29203999042510986,0.2904999852180481,0.29190999269485474,0
2005-07-15,0.29190999269485474,0.2920199930667877,0.2904999852180481,0.29190000891685486,0
2005-07-18,0.2919999957084656,0.29203000664711,0.2904999852180481,0.29190000891685486,0
2005-07-19,0.29203000664711,0.29249998927116394,0.29045000672340393,0.2904999852180481,0
2005-07-20,0.29249998927116394,0.29249998927116394,0.29047998785972595,0.29203000664711,0
2005-07-21,0.29249998927116394,0.29203000664711,0.2904999852180481,0.2920199930667877,0
2005-07-22,0.29190000891685486,0.29201000928878784,0.2904999852180481,0.29190999269485474,0
2005-07-25,0.2915000021457672,0.29203000664711,0.2903499901294708,0.29190000891685486,0
2005-07-26,0.2915000021457672,0.29203999042510986,0.29054000973701477,0.2920199930667877,0
2005-07-27,0.2915000021457672,0.29203999042510986,0.29054000973701477,0.2920199930667877,0
2005-07-28,0.29249998927116394,0.29203999042510986,0.2904999852180481,0.29203999042510986,0
2005-07-29,0.29190000891685486,0.29203999042510986,0.2904999852180481,0.29190999269485474,0
2005-08-01,0.2920199930667877,0.29203000664711,0.2904999852180481,0.29203000664711,0
2005-08-02,0.29249998927116394,0.29249998927116394,0.29047998785972595,0.29203000664711,0
2005-08-03,0.2917500138282776,0.2920199930667877,0.29027000069618225,0.2906799912452698,0
2005-08-04,0.2917500138282776,0.29203000664711,0.29047998785972595,0.291949987411499,0
2005-08-05,0.29203000664711,0.29203999042510986,0.289000004529953,0.29190999269485474,0
2005-08-08,0.29203000664711,0.29210999608039856,0.2905299961566925,0.29203999042510986,0
2005-08-09,0.2917500138282776,0.29203999042510986,0.29043999314308167,0.29203000664711,0
2005-08-10,0.291949987411499,0.29203999042510986,0.2902899980545044,0.29190999269485474,0
2005-08-11,0.29190000891685486,0.29295000433921814,0.29038000106811523,0.291949987411499,0
2005-08-12,0.29190999269485474,0.29203999042510986,0.29023000597953796,0.29190999269485474,0
2005-08-15,0.2917500138282776,0.2920199930667877,0.2904999852180481,0.2917500138282776,0
2005-08-16,0.29190999269485474,0.29201000928878784,0.2904999852180481,0.2919999957084656,0
2005-08-17,0.29207998514175415,0.2921200096607208,0.2904999852180481,0.291949987411499,0
2005-08-18,0.2917500138282776,0.29218998551368713,0.2904999852180481,0.2920899987220764,0
2005-08-19,0.291949987411499,0.2921200096607208,0.2904999852180481,0.29054000973701477,0
2005-08-22,0.29190999269485474,0.292059987783432,0.2903999984264374,0.2917500138282776,0
2005-08-23,0.2917500138282776,0.2919999957084656,0.2904999852180481,0.29190000891685486,0
2005-08-24,0.29190000891685486,0.29201000928878784,0.2902800142765045,0.29190000891685486,0
2005-08-25,0.2917500138282776,0.2920700013637543,0.29019999504089355,0.29190999269485474,0
2005-08-26,0.2919999957084656,0.2921200096607208,0.29045000672340393,0.292059987783432,0
2005-08-29,0.2919600009918213,0.2920899987220764,0.2904999852180481,0.2919999957084656,0
2005-08-30,0.2905600070953369,0.29201000928878784,0.2904999852180481,0.2919600009918213,0
2005-08-31,0.29190999269485474,0.29201000928878784,0.2905200123786926,0.2919999957084656,0
2005-09-01,0.2917500138282776,0.29201000928878784,0.2904999852180481,0.29190999269485474,0
2005-09-02,0.29201000928878784,0.29201000928878784,0.289000004529953,0.29190999269485474,0
2005-09-05,0.29190999269485474,0.2920199930667877,0.2904999852180481,0.291949987411499,0
2005-09-06,0.2918500006198883,0.2920199930667877,0.2904999852180481,0.29190999269485474,0
2005-09-07,0.2918500006198883,0.29197999835014343,0.2904999852180481,0.29190000891685486,0
2005-09-08,0.29190999269485474,0.29218000173568726,0.2904999852180481,0.29218000173568726,0
2005-09-09,0.29190999269485474,0.2919600009918213,0.2904999852180481,0.29190000891685486,0
2005-09-12,0.29190000891685486,0.2922300100326538,0.2904999852180481,0.2904999852180481,0
2005-09-13,0.29190000891685486,0.29205000400543213,0.2904999852180481,0.29190999269485474,0
2005-09-14,0.2919999957084656,0.29203000664711,0.2903900146484375,0.29190999269485474,0
2005-09-15,0.2918500006198883,0.29214999079704285,0.29054000973701477,0.29201000928878784,0
2005-09-16,0.29190999269485474,0.29203999042510986,0.2904599905014038,0.29203999042510986,0
2005-09-19,0.2918500006198883,0.29203999042510986,0.2904300093650818,0.2905600070953369,0
2005-09-20,0.2918500006198883,0.29205000400543213,0.2904700040817261,0.29190000891685486,0
2005-09-22,0.2918500006198883,0.29205000400543213,0.2904199957847595,0.29190999269485474,0
2005-09-23,0.291949987411499,0.2920199930667877,0.2904999852180481,0.29201000928878784,0
2005-09-26,0.2918500006198883,0.2919600009918213,0.2904900014400482,0.29190999269485474,0
2005-09-27,0.2918500006198883,0.29201000928878784,0.2904999852180481,0.29190999269485474,0
2005-09-28,0.2918500006198883,0.29203000664711,0.2904999852180481,0.29190000891685486,0
2005-09-29,0.2918500006198883,0.29203000664711,0.2904999852180481,0.29190999269485474,0
2005-09-30,0.29203000664711,0.29203000664711,0.2904999852180481,0.29190999269485474,0
2005-10-03,0.2919600009918213,0.29203000664711,0.29190000891685486,0.2919600009918213,0
2005-10-04,0.2918500006198883,0.29203000664711,0.29047998785972595,0.2920199930667877,0
2005-10-05,0.2918500006198883,0.29203999042510986,0.2904700040817261,0.29190999269485474,0
2005-10-06,0.2918500006198883,0.29203999042510986,0.29025998711586,0.29203999042510986,0
2005-10-07,0.29203000664711,0.292059987783432,0.28755998611450195,0.29190999269485474,0
2005-10-10,0.2918500006198883,0.29203999042510986,0.2904999852180481,0.29203999042510986,0
2005-10-11,0.2918500006198883,0.2920700013637543,0.2904700040817261,0.29190000891685486,0
2005-10-12,0.2918500006198883,0.29205000400543213,0.29045000672340393,0.29190999269485474,0
2005-10-13,0.2918500006198883,0.29205000400543213,0.2904999852180481,0.29190999269485474,0
2005-10-14,0.2905299961566925,0.2920199930667877,0.2902899980545044,0.29190999269485474,0
2005-10-17,0.2918500006198883,0.29203000664711,0.2903200089931488,0.2919999957084656,0
2005-10-18,0.2918500006198883,0.29203999042510986,0.2904999852180481,0.29201000928878784,0
2005-10-19,0.29190000891685486,0.292059987783432,0.2904999852180481,0.2919600009918213,0
2005-10-20,0.2918500006198883,0.29203999042510986,0.2904999852180481,0.29190000891685486,0
2005-10-21,0.2920199930667877,0.29203000664711,0.2903299927711487,0.29054999351501465,0
2005-10-24,0.29249998927116394,0.29203999042510986,0.2903900146484375,0.2920199930667877,0
2005-10-25,0.29249998927116394,0.29203000664711,0.29030999541282654,0.29190999269485474,0
2005-10-26,0.29249998927116394,0.29249998927116394,0.2903900146484375,0.29190000891685486,0
2005-10-27,0.29249998927116394,0.29205000400543213,0.2903299927711487,0.29203999042510986,0
2005-10-28,0.29201000928878784,0.29249998927116394,0.29023000597953796,0.29205000400543213,0
2005-10-31,0.29249998927116394,0.2929700016975403,0.2904999852180481,0.29205000400543213,0
2005-11-01,0.29249998927116394,0.29249998927116394,0.29045000672340393,0.29190000891685486,0
2005-11-02,0.29190999269485474,0.29249998927116394,0.29045000672340393,0.29190999269485474,0
2005-11-03,0.29190999269485474,0.29249998927116394,0.29045000672340393,0.29190000891685486,0
2005-11-04,0.29190000891685486,0.29205000400543213,0.29045000672340393,0.29205000400543213,0
2005-11-07,0.29249998927116394,0.29205000400543213,0.2904599905014038,0.29190999269485474,0
2005-11-08,0.29249998927116394,0.2919999957084656,0.2903299927711487,0.29190000891685486,0
2005-11-09,0.29249998927116394,0.29297998547554016,0.29034000635147095,0.29186999797821045,0
2005-11-10,0.29249998927116394,0.29203000664711,0.29045000672340393,0.291949987411499,0
2005-11-11,0.29190000891685486,0.29203000664711,0.29045000672340393,0.29190999269485474,0
2005-11-14,0.29203000664711,0.29225000739097595,0.29045000672340393,0.29203000664711,0
2005-11-15,0.29249998927116394,0.29203000664711,0.29045000672340393,0.29190000891685486,0
2005-11-16,0.2918500006198883,0.29203000664711,0.29045000672340393,0.29190000891685486,0
2005-11-17,0.29249998927116394,0.29203000664711,0.29041001200675964,0.29190000891685486,0
2005-11-18,0.29190000891685486,0.29203999042510986,0.2903600037097931,0.2920199930667877,0
2005-11-21,0.2918500006198883,0.29203999042510986,0.2904999852180481,0.29190000891685486,0
2005-11-22,0.29203000664711,0.29203999042510986,0.29045000672340393,0.29190000891685486,0
2005-11-23,0.2917500138282776,0.29203999042510986,0.2904199957847595,0.29203999042510986,0
2005-11-24,0.2917500138282776,0.29203999042510986,0.2904700040817261,0.29190000891685486,0
2005-11-25,0.29190999269485474,0.29210999608039856,0.2904999852180481,0.29190999269485474,0
2005-11-28,0.2915000021457672,0.2921999990940094,0.2904999852180481,0.2921600043773651,0
2005-11-29,0.29249998927116394,0.2919999957084656,0.2904999852180481,0.29190000891685486,0
2005-11-30,0.29249998927116394,0.2919999957084656,0.2904999852180481,0.29190999269485474,0
2005-12-01,0.2917500138282776,0.2921999990940094,0.2904999852180481,0.291949987411499,0
2005-12-02,0.29201000928878784,0.29201000928878784,0.2904999852180481,0.291949987411499,0
2005-12-05,0.2917500138282776,0.292059987783432,0.29030999541282654,0.291949987411499,0
2005-12-06,0.2917500138282776,0.2921200096607208,0.2905200123786926,0.2920199930667877,0
2005-12-07,0.29190999269485474,0.29249998927116394,0.2904900014400482,0.29194000363349915,0
2005-12-08,0.29190000891685486,0.2919999957084656,0.29025998711586,0.291949987411499,0
2005-12-09,0.29190999269485474,0.2919999957084656,0.2904999852180481,0.29190999269485474,0
2005-12-12,0.29190999269485474,0.2919999957084656,0.2904999852180481,0.29190000891685486,0
2005-12-13,0.2917500138282776,0.2919999957084656,0.2904999852180481,0.29190000891685486,0
2005-12-14,0.2917500138282776,0.29201000928878784,0.2904999852180481,0.29190999269485474,0
2005-12-15,0.29249998927116394,0.2919999957084656,0.2904999852180481,0.29190000891685486,0
2005-12-16,0.29197999835014343,0.2919999957084656,0.2904999852180481,0.29190999269485474,0
2005-12-19,0.2917500138282776,0.29197999835014343,0.2902899980545044,0.2904999852180481,0
2005-12-20,0.29249998927116394,0.29234999418258667,0.2904999852180481,0.29190000891685486,0
2005-12-21,0.29190000891685486,0.2923099994659424,0.2904999852180481,0.29190999269485474,0
2005-12-22,0.29249998927116394,0.2919999957084656,0.2903200089931488,0.29190000891685486,0
2005-12-23,0.29190999269485474,0.29207998514175415,0.29036998748779297,0.29190999269485474,0
2005-12-26,0.29190999269485474,0.29207998514175415,0.29190000891685486,0.29190000891685486,0
2005-12-27,0.2917500138282776,0.2919999957084656,0.2904900014400482,0.29190999269485474,0
2005-12-28,0.2917500138282776,0.2921299934387207,0.29038000106811523,0.29190000891685486,0
2005-12-29,0.29190000891685486,0.29214999079704285,0.2903999984264374,0.29214999079704285,0
2005-12-30,0.29190000891685486,0.29214999079704285,0.2904700040817261,0.29214999079704285,0
2006-01-02,0.2917500138282776,0.29201000928878784,0.2904999852180481,0.29190999269485474,0
2006-01-03,0.2917500138282776,0.29201000928878784,0.2904999852180481,0.29190999269485474,0
2006-01-04,0.29190000891685486,0.29210999608039856,0.2904999852180481,0.29190000891685486,0
2006-01-05,0.2917500138282776,0.2920700013637543,0.2904700040817261,0.29190999269485474,0
2006-01-06,0.29190000891685486,0.29214999079704285,0.28600001335144043,0.29190000891685486,0
2006-01-09,0.2917500138282776,0.2920199930667877,0.2904999852180481,0.291949987411499,0
2006-01-10,0.2917500138282776,0.2920199930667877,0.2904999852180481,0.29190000891685486,0
2006-01-11,0.2917500138282776,0.2920199930667877,0.2904999852180481,0.29190000891685486,0
2006-01-12,0.29249998927116394,0.2920199930667877,0.2904999852180481,0.29190999269485474,0
2006-01-13,0.29190000891685486,0.29214999079704285,0.2904999852180481,0.29190999269485474,0
2006-01-16,0.2917500138282776,0.29201000928878784,0.2904999852180481,0.29190999269485474,0
2006-01-17,0.2917500138282776,0.29214999079704285,0.2904999852180481,0.29190999269485474,0
2006-01-18,0.2917500138282776,0.29201000928878784,0.2904999852180481,0.29201000928878784,0
2006-01-19,0.2917500138282776,0.29201000928878784,0.2904999852180481,0.2919999957084656,0
2006-01-20,0.2919999957084656,0.29201000928878784,0.2904999852180481,0.29190999269485474,0
2006-01-23,0.2917500138282776,0.29205000400543213,0.2904999852180481,0.291949987411499,0
2006-01-24,0.2917500138282776,0.292059987783432,0.2904999852180481,0.29190999269485474,0
2006-01-25,0.2917500138282776,0.29210999608039856,0.2904999852180481,0.29190999269485474,0
2006-01-26,0.29203999042510986,0.29218000173568726,0.2904999852180481,0.29197999835014343,0
2006-01-27,0.29203000664711,0.29203999042510986,0.29045000672340393,0.29190000891685486,0
2006-01-30,0.2917500138282776,0.29225999116897583,0.29050999879837036,0.29225999116897583,0
2006-01-31,0.29197999835014343,0.29203999042510986,0.2904199957847595,0.29203999042510986,0
2006-02-01,0.2917500138282776,0.29218998551368713,0.29043999314308167,0.2919999957084656,0
2006-02-02,0.2917500138282776,0.2921999990940094,0.29041001200675964,0.2921600043773651,0
2006-02-03,0.29203999042510986,0.29203999042510986,0.29043999314308167,0.29203000664711,0
2006-02-06,0.2917500138282776,0.29203999042510986,0.2904999852180481,0.29203999042510986,0
2006-02-07,0.2917500138282776,0.29214999079704285,0.2905200123786926,0.29203000664711,0
2006-02-08,0.2917500138282776,0.29214999079704285,0.2904999852180481,0.29203000664711,0
2006-02-09,0.2917500138282776,0.29214999079704285,0.2904999852180481,0.2919999957084656,0
2006-02-10,0.29197999835014343,0.29203999042510986,0.2902800142765045,0.29203000664711,0
2006-02-13,0.29201000928878784,0.29203999042510986,0.29047998785972595,0.2917500138282776,0
2006-02-14,0.29203999042510986,0.292059987783432,0.2904199957847595,0.29201000928878784,0
2006-02-15,0.2917500138282776,0.292059987783432,0.2903600037097931,0.292059987783432,0
2006-02-16,0.2917500138282776,0.29207998514175415,0.2905299961566925,0.29203999042510986,0
2006-02-17,0.29203999042510986,0.29203999042510986,0.2905299961566925,0.29203999042510986,0
2006-02-20,0.2917500138282776,0.29214999079704285,0.2904999852180481,0.29203999042510986,0
2006-02-21,0.2917500138282776,0.29214999079704285,0.2905299961566925,0.29203999042510986,0
2006-02-22,0.2917500138282776,0.29203999042510986,0.29050999879837036,0.29203000664711,0
2006-02-23,0.2917500138282776,0.29214999079704285,0.29038000106811523,0.29203000664711,0
2006-02-24,0.29203000664711,0.29203999042510986,0.29041001200675964,0.29203000664711,0
2006-02-27,0.29203999042510986,0.29214999079704285,0.2905299961566925,0.29210999608039856,0
2006-02-28,0.2917500138282776,0.29214999079704285,0.29054000973701477,0.29203000664711,0
2006-03-01,0.2917500138282776,0.29214999079704285,0.2905299961566925,0.29203000664711,0
2006-03-02,0.29203999042510986,0.29203999042510986,0.2905299961566925,0.29203999042510986,0
2006-03-03,0.29203000664711,0.29203999042510986,0.2905299961566925,0.29203000664711,0
2006-03-06,0.2917500138282776,0.29203999042510986,0.29054000973701477,0.29203000664711,0
2006-03-07,0.2917500138282776,0.29203999042510986,0.2904999852180481,0.29203999042510986,0
2006-03-08,0.29203999042510986,0.29203999042510986,0.29054000973701477,0.29203000664711,0
2006-03-09,0.2917500138282776,0.29214999079704285,0.2905600070953369,0.29203000664711,0
2006-03-10,0.2920199930667877,0.29203999042510986,0.29054000973701477,0.29203999042510986,0
2006-03-13,0.29249998927116394,0.29214999079704285,0.2905299961566925,0.2920199930667877,0
2006-03-14,0.29203000664711,0.29214999079704285,0.29054000973701477,0.29203000664711,0
2006-03-15,0.29205000400543213,0.29214999079704285,0.29054000973701477,0.29203999042510986,0
2006-03-16,0.2917500138282776,0.29205000400543213,0.2905299961566925,0.29205000400543213,0
2006-03-17,0.2919999957084656,0.29203999042510986,0.2903999984264374,0.29203000664711,0
2006-03-20,0.29203999042510986,0.29203999042510986,0.29054000973701477,0.291949987411499,0
2006-03-21,0.2917500138282776,0.29203999042510986,0.29054000973701477,0.29203999042510986,0
2006-03-22,0.2917500138282776,0.29203999042510986,0.2905200123786926,0.2917500138282776,0
2006-03-23,0.2917500138282776,0.29203999042510986,0.29054000973701477,0.29203999042510986,0
2006-03-24,0.29054999351501465,0.29197001457214355,0.29054000973701477,0.2917500138282776,0
2006-03-27,0.2917500138282776,0.2919999957084656,0.2905299961566925,0.29054000973701477,0
2006-03-28,0.2917500138282776,0.2919999957084656,0.29038000106811523,0.2905600070953369,0
2006-03-29,0.2917500138282776,0.2917500138282776,0.2904700040817261,0.2917500138282776,0
2006-03-30,0.2917500138282776,0.29197001457214355,0.2902800142765045,0.2917500138282776,0
2006-03-31,0.2905699908733368,0.2906999886035919,0.29030999541282654,0.2905600070953369,0
2006-04-03,0.2917500138282776,0.2917500138282776,0.2905299961566925,0.2917500138282776,0
2006-04-04,0.2917500138282776,0.2919999957084656,0.29023000597953796,0.2917500138282776,0
2006-04-05,0.2917500138282776,0.2919999957084656,0.2904300093650818,0.2904300093650818,0
2006-04-06,0.2917500138282776,0.29197999835014343,0.2903600037097931,0.2904700040817261,0
2006-04-07,0.2919999957084656,0.2919999957084656,0.2904999852180481,0.2905699908733368,0
2006-04-10,0.2917500138282776,0.2919999957084656,0.2905200123786926,0.29065999388694763,0
2006-04-11,0.2917500138282776,0.2919999957084656,0.2904900014400482,0.2917500138282776,0
2006-04-12,0.2917500138282776,0.2919999957084656,0.29054000973701477,0.29058000445365906,0
2006-04-13,0.2917500138282776,0.2917500138282776,0.29054000973701477,0.2917500138282776,0
2006-04-14,0.2906999886035919,0.2917500138282776,0.2906999886035919,0.2917500138282776,0
2006-04-17,0.2917500138282776,0.2919999957084656,0.2917500138282776,0.2917500138282776,0
2006-04-18,0.2917500138282776,0.2919999957084656,0.2905299961566925,0.2917500138282776,0
2006-04-19,0.2917500138282776,0.29197999835014343,0.2905299961566925,0.2917500138282776,0
2006-04-20,0.2917500138282776,0.2919999957084656,0.2905299961566925,0.29054000973701477,0
2006-04-21,0.2919999957084656,0.2919999957084656,0.2903999984264374,0.2917500138282776,0
2006-04-24,0.29249998927116394,0.29249998927116394,0.29030001163482666,0.29030001163482666,0
2006-04-25,0.29190000891685486,0.29249998927116394,0.2905299961566925,0.29249998927116394,0
2006-04-26,0.29197999835014343,0.2919999957084656,0.2905299961566925,0.29190000891685486,0
2006-04-27,0.2919999957084656,0.2919999957084656,0.2905299961566925,0.29197999835014343,0
2006-04-28,0.29197999835014343,0.2919999957084656,0.2904999852180481,0.2919999957084656,0
2006-05-01,0.2917500138282776,0.2919999957084656,0.2917500138282776,0.2917500138282776,0
2006-05-02,0.2917500138282776,0.2919999957084656,0.2905299961566925,0.2917500138282776,0
2006-05-03,0.2917500138282776,0.29197999835014343,0.2905299961566925,0.2917500138282776,0
2006-05-04,0.2917500138282776,0.2919999957084656,0.2904999852180481,0.2917500138282776,0
2006-05-05,0.29197001457214355,0.29197999835014343,0.2905299961566925,0.2917500138282776,0
2006-05-08,0.2917500138282776,0.2906999886035919,0.29041001200675964,0.2906999886035919,0
2006-05-09,0.2919999957084656,0.2919999957084656,0.2902800142765045,0.2917500138282776,0
2006-05-10,0.2917500138282776,0.2919999957084656,0.29030001163482666,0.2919999957084656,0
2006-05-11,0.28949999809265137,0.29069000482559204,0.2874400019645691,0.28949999809265137,0
2006-05-12,0.2890999913215637,0.28949999809265137,0.2846199870109558,0.28949999809265137,0
2006-05-15,0.28773000836372375,0.2890999913215637,0.2876499891281128,0.2876800000667572,0
2006-05-16,0.289000004529953,0.2890999913215637,0.2876099944114685,0.28773000836372375,0
2006-05-17,0.289000004529953,0.2891499996185303,0.2874999940395355,0.2876800000667572,0
2006-05-18,0.289000004529953,0.2891499996185303,0.2876499891281128,0.28769999742507935,0
2006-05-19,0.2890999913215637,0.2890999913215637,0.28766000270843506,0.28769001364707947,0
2006-05-22,0.2890999913215637,0.2890999913215637,0.28766000270843506,0.2890999913215637,0
2006-05-23,0.2890999913215637,0.2890999913215637,0.28766000270843506,0.2890999913215637,0
2006-05-24,0.2890999913215637,0.2890999913215637,0.28766000270843506,0.2890999913215637,0
2006-05-25,0.2890999913215637,0.2890999913215637,0.28905001282691956,0.2890999913215637,0
2006-05-26,0.28769001364707947,0.2891499996185303,0.2874999940395355,0.2890999913215637,0
2006-05-29,0.2890999913215637,0.2890999913215637,0.28766000270843506,0.2877100110054016,0
2006-05-30,0.2890999913215637,0.2890999913215637,0.28766000270843506,0.2877199947834015,0
2006-05-31,0.28760001063346863,0.2890999913215637,0.28760001063346863,0.2890999913215637,0
2006-06-01,0.2890999913215637,0.2890999913215637,0.28760001063346863,0.28760001063346863,0
2006-06-02,0.2877100110054016,0.2878499925136566,0.28466999530792236,0.2876400053501129,0
2006-06-05,0.2890999913215637,0.2890999913215637,0.2877100110054016,0.2877100110054016,0
2006-06-06,0.2890999913215637,0.2890999913215637,0.2876400053501129,0.2877100110054016,0
2006-06-07,0.2890999913215637,0.2890999913215637,0.2876400053501129,0.2876800000667572,0
2006-06-08,0.2890999913215637,0.2878299951553345,0.28762999176979065,0.2876400053501129,0
2006-06-09,0.28905001282691956,0.2890799939632416,0.28762999176979065,0.28762999176979065,0
2006-06-12,0.2890999913215637,0.2890999913215637,0.2874999940395355,0.28762000799179077,0
2006-06-13,0.28762999176979065,0.28905001282691956,0.28762999176979065,0.2876800000667572,0
2006-06-14,0.2890999913215637,0.2890999913215637,0.28762000799179077,0.28762999176979065,0
2006-06-15,0.2890999913215637,0.2890999913215637,0.2876400053501129,0.2890999913215637,0
2006-06-16,0.28766000270843506,0.28905001282691956,0.2876499891281128,0.2876499891281128,0
2006-06-19,0.2890999913215637,0.2890999913215637,0.28766000270843506,0.28766000270843506,0
2006-06-20,0.2890999913215637,0.2890999913215637,0.28769001364707947,0.28769999742507935,0
2006-06-21,0.2890999913215637,0.2890999913215637,0.28766998648643494,0.2877100110054016,0
2006-06-22,0.28766998648643494,0.2876800000667572,0.28766998648643494,0.28766998648643494,0
2006-06-23,0.2876800000667572,0.2876800000667572,0.28760001063346863,0.28766998648643494,0
2006-06-26,0.28760001063346863,0.28769999742507935,0.28760001063346863,0.2876400053501129,0
2006-06-27,0.2876800000667572,0.2890999913215637,0.28766998648643494,0.2890999913215637,0
2006-06-28,0.2890999913215637,0.2890999913215637,0.28766000270843506,0.28773999214172363,0
2006-06-29,0.2890999913215637,0.2890999913215637,0.28766000270843506,0.2877199947834015,0
2006-06-30,0.28766000270843506,0.2877199947834015,0.28766000270843506,0.28769999742507935,0
2006-07-03,0.2890999913215637,0.28769001364707947,0.28762999176979065,0.2876400053501129,0
2006-07-04,0.289000004529953,0.287880003452301,0.28762999176979065,0.28769999742507935,0
2006-07-05,0.289000004529953,0.289000004529953,0.2876400053501129,0.28769001364707947,0
2006-07-06,0.289000004529953,0.289000004529953,0.28762999176979065,0.2877100110054016,0
2006-07-07,0.2877199947834015,0.2877199947834015,0.28470999002456665,0.28762999176979065,0
2006-07-10,0.289000004529953,0.289000004529953,0.28762999176979065,0.2876499891281128,0
2006-07-11,0.289000004529953,0.289000004529953,0.28762000799179077,0.28762999176979065,0
2006-07-12,0.2877100110054016,0.2877199947834015,0.28762999176979065,0.2877100110054016,0
2006-07-13,0.289000004529953,0.289000004529953,0.2876499891281128,0.28769001364707947,0
2006-07-14,0.2877199947834015,0.2877199947834015,0.2876400053501129,0.2877100110054016,0
2006-07-17,0.289000004529953,0.2891499996185303,0.2876499891281128,0.2877199947834015,0
2006-07-18,0.289000004529953,0.2877199947834015,0.28766000270843506,0.2877100110054016,0
2006-07-19,0.289000004529953,0.289000004529953,0.28617000579833984,0.2877199947834015,0
2006-07-20,0.289000004529953,0.2877199947834015,0.28766998648643494,0.2877199947834015,0
2006-07-21,0.28769001364707947,0.289000004529953,0.28766998648643494,0.289000004529953,0
2006-07-24,0.28769999742507935,0.2891499996185303,0.2876800000667572,0.28769001364707947,0
2006-07-25,0.289000004529953,0.2891499996185303,0.28766000270843506,0.28769999742507935,0
2006-07-26,0.2892000079154968,0.2892000079154968,0.2875800132751465,0.289000004529953,0
2006-07-27,0.289000004529953,0.2892000079154968,0.28760001063346863,0.2892000079154968,0
2006-07-28,0.2877199947834015,0.289000004529953,0.2875699996948242,0.289000004529953,0
2006-07-31,0.2888999879360199,0.2891499996185303,0.28749001026153564,0.289000004529953,0
2006-08-01,0.2888999879360199,0.2891499996185303,0.28755998611450195,0.2888999879360199,0
2006-08-02,0.28769001364707947,0.28916001319885254,0.28742000460624695,0.2888999879360199,0
2006-08-03,0.2888999879360199,0.2891499996185303,0.28755998611450195,0.28769001364707947,0
2006-08-04,0.2877100110054016,0.2888999879360199,0.28321000933647156,0.2888999879360199,0
2006-08-07,0.2876499891281128,0.2890999913215637,0.2876499891281128,0.2877100110054016,0
2006-08-08,0.2888000011444092,0.2890999913215637,0.28762000799179077,0.2876499891281128,0
2006-08-09,0.2890999913215637,0.2890999913215637,0.28753000497817993,0.2888000011444092,0
2006-08-10,0.2888000011444092,0.28797000646591187,0.28760001063346863,0.2877100110054016,0
2006-08-11,0.2890999913215637,0.2890999913215637,0.2877100110054016,0.2888000011444092,0
2006-08-14,0.2877100110054016,0.289900004863739,0.28760001063346863,0.2877199947834015,0
2006-08-15,0.289000004529953,0.289900004863739,0.28760001063346863,0.2877199947834015,0
2006-08-16,0.289000004529953,0.289000004529953,0.28751999139785767,0.289000004529953,0
2006-08-17,0.289000004529953,0.2891499996185303,0.28744998574256897,0.289000004529953,0
2006-08-18,0.2891499996185303,0.2891499996185303,0.28760001063346863,0.289000004529953,0
2006-08-21,0.2891499996185303,0.2891499996185303,0.28760001063346863,0.2890999913215637,0
2006-08-22,0.28916001319885254,0.28916001319885254,0.28766998648643494,0.2890999913215637,0
2006-08-23,0.2877100110054016,0.2890999913215637,0.2876400053501129,0.2890999913215637,0
2006-08-24,0.2877199947834015,0.2890999913215637,0.28760001063346863,0.2890999913215637,0
2006-08-25,0.2891499996185303,0.2891499996185303,0.28760001063346863,0.289000004529953,0
2006-08-28,0.28916001319885254,0.28916001319885254,0.28766000270843506,0.289000004529953,0
2006-08-29,0.2891499996185303,0.2891499996185303,0.28760001063346863,0.289000004529953,0
2006-08-30,0.28916001319885254,0.28916001319885254,0.28766998648643494,0.2891499996185303,0
2006-08-31,0.28911998867988586,0.28911998867988586,0.28766998648643494,0.289000004529953,0
2006-09-01,0.2876800000667572,0.289000004529953,0.28321000933647156,0.289000004529953,0
2006-09-04,0.2877199947834015,0.289000004529953,0.28760001063346863,0.289000004529953,0
2006-09-05,0.2891499996185303,0.2891499996185303,0.28766000270843506,0.289000004529953,0
2006-09-06,0.2891499996185303,0.2891499996185303,0.28766000270843506,0.289000004529953,0
2006-09-07,0.28766000270843506,0.289000004529953,0.28760001063346863,0.289000004529953,0
2006-09-08,0.28916001319885254,0.2891800105571747,0.28769999742507935,0.289000004529953,0
2006-09-11,0.2891499996185303,0.2891499996185303,0.2876400053501129,0.289000004529953,0
2006-09-12,0.2891699969768524,0.2891699969768524,0.28760001063346863,0.289000004529953,0
2006-09-13,0.2877100110054016,0.28916001319885254,0.28760001063346863,0.2888999879360199,0
2006-09-14,0.28762000799179077,0.2891699969768524,0.28762000799179077,0.2888999879360199,0
2006-09-15,0.2891499996185303,0.2891499996185303,0.2861199975013733,0.2888999879360199,0
2006-09-18,0.2877100110054016,0.2888999879360199,0.28760001063346863,0.2888999879360199,0
2006-09-19,0.2891499996185303,0.2891499996185303,0.28760001063346863,0.2888999879360199,0
2006-09-20,0.28769999742507935,0.2891699969768524,0.28760001063346863,0.2888999879360199,0
2006-09-21,0.28760001063346863,0.2888999879360199,0.28760001063346863,0.2888999879360199,0
2006-09-22,0.28769999742507935,0.2877100110054016,0.28760001063346863,0.28760001063346863,0
2006-09-25,0.28760001063346863,0.2891499996185303,0.28760001063346863,0.2888999879360199,0
2006-09-26,0.28769999742507935,0.2890999913215637,0.2874999940395355,0.28760001063346863,0
2006-09-27,0.28769001364707947,0.28999999165534973,0.2874999940395355,0.28999999165534973,0
2006-09-28,0.28769001364707947,0.289900004863739,0.2876499891281128,0.289900004863739,0
2006-09-29,0.28769001364707947,0.289900004863739,0.28760001063346863,0.289900004863739,0
2006-10-02,0.28769999742507935,0.28999999165534973,0.28760001063346863,0.28999999165534973,0
2006-10-03,0.2891499996185303,0.28999999165534973,0.28769999742507935,0.28999999165534973,0
2006-10-04,0.28916001319885254,0.28999999165534973,0.28760001063346863,0.28999999165534973,0
2006-10-05,0.28916001319885254,0.28999999165534973,0.28760001063346863,0.28999999165534973,0
2006-10-06,0.28769999742507935,0.28999999165534973,0.28760001063346863,0.28999999165534973,0
2006-10-09,0.28769999742507935,0.28769999742507935,0.28760001063346863,0.28769999742507935,0
2006-10-10,0.2876800000667572,0.289000004529953,0.28760001063346863,0.289000004529953,0
2006-10-11,0.2891800105571747,0.2891800105571747,0.2874999940395355,0.289000004529953,0
2006-10-12,0.2876800000667572,0.2891800105571747,0.2874999940395355,0.289000004529953,0
2006-10-13,0.2891499996185303,0.28916001319885254,0.28766998648643494,0.289000004529953,0
2006-10-16,0.28769999742507935,0.2892000079154968,0.28760001063346863,0.289000004529953,0
2006-10-17,0.2891800105571747,0.2892000079154968,0.28760001063346863,0.289000004529953,0
2006-10-18,0.28769999742507935,0.2891800105571747,0.28766000270843506,0.289000004529953,0
2006-10-19,0.2892000079154968,0.2892000079154968,0.28760001063346863,0.289000004529953,0
2006-10-20,0.2891800105571747,0.2891800105571747,0.2874999940395355,0.289000004529953,0
2006-10-23,0.28769001364707947,0.289000004529953,0.28769001364707947,0.289000004529953,0
2006-10-24,0.2891800105571747,0.2891800105571747,0.28760001063346863,0.289000004529953,0
2006-10-25,0.2891699969768524,0.2891699969768524,0.28760001063346863,0.2876800000667572,0
2006-10-26,0.2891699969768524,0.2891699969768524,0.28760001063346863,0.289000004529953,0
2006-10-27,0.28769999742507935,0.2891699969768524,0.28760001063346863,0.289000004529953,0
2006-10-30,0.28769999742507935,0.28911998867988586,0.28760001063346863,0.289000004529953,0
2006-10-31,0.28913000226020813,0.28913000226020813,0.28760001063346863,0.289000004529953,0
2006-11-01,0.28913000226020813,0.28999999165534973,0.2876499891281128,0.28999999165534973,0
2006-11-02,0.28911998867988586,0.28911998867988586,0.2874999940395355,0.289000004529953,0
2006-11-03,0.28769001364707947,0.28769999742507935,0.2831900119781494,0.2876499891281128,0
2006-11-06,0.28769001364707947,0.28913000226020813,0.28760001063346863,0.289000004529953,0
2006-11-07,0.2891499996185303,0.2891499996185303,0.28760001063346863,0.289000004529953,0
2006-11-08,0.28913000226020813,0.28913000226020813,0.2876499891281128,0.289000004529953,0
2006-11-09,0.28913000226020813,0.28913000226020813,0.28766000270843506,0.289000004529953,0
2006-11-10,0.28769999742507935,0.28913000226020813,0.2874999940395355,0.289000004529953,0
2006-11-13,0.28911998867988586,0.28911998867988586,0.28760001063346863,0.289000004529953,0
2006-11-14,0.28769001364707947,0.28913000226020813,0.28760001063346863,0.289000004529953,0
2006-11-15,0.28913000226020813,0.28913000226020813,0.28766000270843506,0.289000004529953,0
2006-11-16,0.28769001364707947,0.28769999742507935,0.28760001063346863,0.28766998648643494,0
2006-11-17,0.28913000226020813,0.28913000226020813,0.28760001063346863,0.28769001364707947,0
2006-11-20,0.28913000226020813,0.289139986038208,0.28760001063346863,0.289000004529953,0
2006-11-21,0.28913000226020813,0.28999999165534973,0.28766998648643494,0.28999999165534973,0
2006-11-22,0.289000004529953,0.28913000226020813,0.28760001063346863,0.289000004529953,0
2006-11-23,0.28769001364707947,0.289000004529953,0.2876800000667572,0.289000004529953,0
2006-11-24,0.28913000226020813,0.28913000226020813,0.2874999940395355,0.289000004529953,0
2006-11-27,0.28913000226020813,0.28913000226020813,0.2874999940395355,0.28769001364707947,0
2006-11-28,0.28913000226020813,0.28913000226020813,0.28760001063346863,0.289000004529953,0
2006-11-29,0.28913000226020813,0.289139986038208,0.2874999940395355,0.289000004529953,0
2006-11-30,0.28911998867988586,0.28911998867988586,0.2874799966812134,0.289000004529953,0
2006-12-01,0.28911998867988586,0.28913000226020813,0.2874799966812134,0.289000004529953,0
2006-12-04,0.289139986038208,0.289139986038208,0.28758999705314636,0.289000004529953,0
2006-12-05,0.2873300015926361,0.289000004529953,0.2873300015926361,0.289000004529953,0
2006-12-06,0.28902000188827515,0.28902000188827515,0.28727999329566956,0.2873300015926361,0
2006-12-07,0.2890099883079529,0.2890099883079529,0.2874999940395355,0.289000004529953,0
2006-12-08,0.289000004529953,0.2890099883079529,0.2874999940395355,0.289000004529953,0
2006-12-11,0.2890999913215637,0.2890999913215637,0.2874999940395355,0.2874999940395355,0
2006-12-12,0.28905001282691956,0.28905001282691956,0.28758999705314636,0.2887499928474426,0
2006-12-13,0.28905001282691956,0.28905999660491943,0.2874999940395355,0.2887499928474426,0
2006-12-14,0.28905001282691956,0.28905001282691956,0.28753000497817993,0.289000004529953,0
2006-12-15,0.28905001282691956,0.28905001282691956,0.28760001063346863,0.2887499928474426,0
2006-12-18,0.28905001282691956,0.28905001282691956,0.28760001063346863,0.2887499928474426,0
2006-12-19,0.28909000754356384,0.2890999913215637,0.2875500023365021,0.2887499928474426,0
2006-12-20,0.2890999913215637,0.2890999913215637,0.2876400053501129,0.2887499928474426,0
2006-12-21,0.2876400053501129,0.2887499928474426,0.2876400053501129,0.2887499928474426,0
2006-12-22,0.28909000754356384,0.2890999913215637,0.2876400053501129,0.2887499928474426,0
2006-12-25,0.2876400053501129,0.2876400053501129,0.2876400053501129,0.2876400053501129,0
2006-12-26,0.2890999913215637,0.2890999913215637,0.2890999913215637,0.2890999913215637,0
2006-12-27,0.2887499928474426,0.28905001282691956,0.2876400053501129,0.2876400053501129,0
2006-12-28,0.2890799939632416,0.2890799939632416,0.2876400053501129,0.2887499928474426,0
2006-12-29,0.2890999913215637,0.2890999913215637,0.28760001063346863,0.2887499928474426,0
2007-01-01,0.28760001063346863,0.2887499928474426,0.28760001063346863,0.2887499928474426,0
2007-01-02,0.2890999913215637,0.2890999913215637,0.28760001063346863,0.2887499928474426,0
2007-01-03,0.2890999913215637,0.2890999913215637,0.28760001063346863,0.28760001063346863,0
2007-01-04,0.28760001063346863,0.28905999660491943,0.28760001063346863,0.2887499928474426,0
2007-01-05,0.28905001282691956,0.28905001282691956,0.2861100137233734,0.2887499928474426,0
2007-01-08,0.28905001282691956,0.28905001282691956,0.28760001063346863,0.2887499928474426,0
2007-01-09,0.28905001282691956,0.28905001282691956,0.28760001063346863,0.2887499928474426,0
2007-01-10,0.28905001282691956,0.28905001282691956,0.28760001063346863,0.2887499928474426,0
2007-01-11,0.28905999660491943,0.28905999660491943,0.28758999705314636,0.2887499928474426,0
2007-01-12,0.28905001282691956,0.28905999660491943,0.28610000014305115,0.2887499928474426,0
2007-01-15,0.28760001063346863,0.28766998648643494,0.28758999705314636,0.2876099944114685,0
2007-01-16,0.2890999913215637,0.2890999913215637,0.28760001063346863,0.2887499928474426,0
2007-01-17,0.2887499928474426,0.28909000754356384,0.28760001063346863,0.2887499928474426,0
2007-01-18,0.2890999913215637,0.2890999913215637,0.28760001063346863,0.2887499928474426,0
2007-01-19,0.28909000754356384,0.2890999913215637,0.28760001063346863,0.28760001063346863,0
2007-01-22,0.2890700101852417,0.2890799939632416,0.28760001063346863,0.2876099944114685,0
2007-01-23,0.2890700101852417,0.2890799939632416,0.28760001063346863,0.28885000944137573,0
2007-01-24,0.2890700101852417,0.2890700101852417,0.28762000799179077,0.28885000944137573,0
2007-01-25,0.2891499996185303,0.2891499996185303,0.28762000799179077,0.28885000944137573,0
2007-01-26,0.2891499996185303,0.28916001319885254,0.28762000799179077,0.28885000944137573,0
2007-01-29,0.2891499996185303,0.28916001319885254,0.28762000799179077,0.28885000944137573,0
2007-01-30,0.2891499996185303,0.28916001319885254,0.2876499891281128,0.28885000944137573,0
2007-01-31,0.28769999742507935,0.28916001319885254,0.28766000270843506,0.28885000944137573,0
2007-02-01,0.2891499996185303,0.2891499996185303,0.2876499891281128,0.28885000944137573,0
2007-02-02,0.28916001319885254,0.28916001319885254,0.28762999176979065,0.28885000944137573,0
2007-02-05,0.28769999742507935,0.28885000944137573,0.28762999176979065,0.28885000944137573,0
2007-02-06,0.2890999913215637,0.2890999913215637,0.28762999176979065,0.28885000944137573,0
2007-02-07,0.2877100110054016,0.2877100110054016,0.28762000799179077,0.2877100110054016,0
2007-02-08,0.289110004901886,0.289110004901886,0.28762000799179077,0.28885000944137573,0
2007-02-09,0.28916001319885254,0.28916001319885254,0.28762000799179077,0.28885000944137573,0
2007-02-12,0.2877100110054016,0.28885000944137573,0.28762999176979065,0.28885000944137573,0
2007-02-13,0.2890999913215637,0.2890999913215637,0.28762000799179077,0.28885000944137573,0
2007-02-14,0.28984999656677246,0.28885000944137573,0.28762000799179077,0.28885000944137573,0
2007-02-15,0.2890700101852417,0.28984999656677246,0.2874999940395355,0.28984999656677246,0
2007-02-16,0.28885000944137573,0.28984999656677246,0.2874999940395355,0.28984999656677246,0
2007-02-19,0.2877100110054016,0.28984999656677246,0.2875500023365021,0.28984999656677246,0
2007-02-20,0.2891499996185303,0.28984999656677246,0.28760001063346863,0.28984999656677246,0
2007-02-21,0.2891499996185303,0.28984999656677246,0.28762000799179077,0.28984999656677246,0
2007-02-22,0.2891499996185303,0.28984999656677246,0.28760001063346863,0.28984999656677246,0
2007-02-23,0.2890999913215637,0.2890999913215637,0.28760001063346863,0.28769999742507935,0
2007-02-26,0.2891499996185303,0.28984999656677246,0.28766000270843506,0.28984999656677246,0
2007-02-27,0.28916001319885254,0.28984999656677246,0.28766000270843506,0.28984999656677246,0
2007-02-28,0.28911998867988586,0.28913000226020813,0.2876499891281128,0.2888999879360199,0
2007-03-01,0.2890999913215637,0.2890999913215637,0.2876499891281128,0.2888999879360199,0
2007-03-02,0.2890999913215637,0.28913000226020813,0.2876499891281128,0.2888999879360199,0
2007-03-05,0.2877100110054016,0.2888999879360199,0.2876499891281128,0.2888999879360199,0
2007-03-06,0.28913000226020813,0.28913000226020813,0.2876499891281128,0.2888999879360199,0
2007-03-07,0.2890999913215637,0.2890999913215637,0.2876400053501129,0.2888999879360199,0
2007-03-08,0.2890099883079529,0.2890099883079529,0.2875800132751465,0.2877100110054016,0
2007-03-09,0.2890799939632416,0.2890799939632416,0.2845900058746338,0.2888999879360199,0
2007-03-12,0.2890999913215637,0.2890999913215637,0.2875800132751465,0.2888999879360199,0
2007-03-13,0.28905001282691956,0.28905001282691956,0.2875800132751465,0.2888999879360199,0
2007-03-14,0.2890399992465973,0.28905001282691956,0.2875800132751465,0.2888999879360199,0
2007-03-15,0.2888999879360199,0.2888999879360199,0.2874299883842468,0.2876099944114685,0
2007-03-16,0.2874299883842468,0.28885000944137573,0.2874299883842468,0.2874299883842468,0
2007-03-19,0.28758999705314636,0.28894999623298645,0.2874999940395355,0.28758999705314636,0
2007-03-20,0.2874999940395355,0.28902000188827515,0.2874999940395355,0.2874999940395355,0
2007-03-21,0.2874999940395355,0.289000004529953,0.2874999940395355,0.2874999940395355,0
2007-03-22,0.289000004529953,0.289000004529953,0.2874999940395355,0.2874999940395355,0
2007-03-23,0.2890099883079529,0.2890099883079529,0.2874999940395355,0.2874999940395355,0
2007-03-26,0.289000004529953,0.289000004529953,0.2874999940395355,0.2874999940395355,0
2007-03-27,0.289000004529953,0.289000004529953,0.2875500023365021,0.2875500023365021,0
2007-03-28,0.2891499996185303,0.2891499996185303,0.2874999940395355,0.2874999940395355,0
2007-03-29,0.2878499925136566,0.28940001130104065,0.2876400053501129,0.28940001130104065,0
2007-03-30,0.2878600060939789,0.28940001130104065,0.2878499925136566,0.28940001130104065,0
2007-04-02,0.28929999470710754,0.28940001130104065,0.28769999742507935,0.28940001130104065,0
2007-04-03,0.289249986410141,0.28929999470710754,0.2878499925136566,0.289000004529953,0
2007-04-04,0.2890999913215637,0.2891499996185303,0.28769999742507935,0.289000004529953,0
2007-04-05,0.28766998648643494,0.289000004529953,0.2876499891281128,0.289000004529953,0
2007-04-06,0.28766998648643494,0.289000004529953,0.28766998648643494,0.289000004529953,0
2007-04-09,0.2890799939632416,0.2890799939632416,0.289000004529953,0.289000004529953,0
2007-04-10,0.28766000270843506,0.2890999913215637,0.2876499891281128,0.289000004529953,0
2007-04-11,0.2890999913215637,0.2890999913215637,0.2876499891281128,0.289000004529953,0
2007-04-12,0.2890999913215637,0.2890999913215637,0.2876400053501129,0.289000004529953,0
2007-04-13,0.2890999913215637,0.2890999913215637,0.2876400053501129,0.2890999913215637,0
2007-04-16,0.28911998867988586,0.28911998867988586,0.2876499891281128,0.289000004529953,0
2007-04-17,0.28911998867988586,0.28911998867988586,0.2876499891281128,0.28885000944137573,0
2007-04-18,0.28766000270843506,0.28766000270843506,0.2876499891281128,0.2876499891281128,0
2007-04-19,0.28911998867988586,0.28911998867988586,0.2876499891281128,0.28885000944137573,0
2007-04-20,0.2890999913215637,0.2890999913215637,0.2876499891281128,0.28885000944137573,0
2007-04-23,0.28999999165534973,0.28999999165534973,0.2876400053501129,0.28766000270843506,0
2007-04-24,0.2890999913215637,0.28999999165534973,0.2876499891281128,0.28999999165534973,0
2007-04-25,0.289110004901886,0.289110004901886,0.2876499891281128,0.2888999879360199,0
2007-04-26,0.2876499891281128,0.289110004901886,0.2876499891281128,0.28766000270843506,0
2007-04-27,0.28766000270843506,0.2888999879360199,0.2876499891281128,0.2888999879360199,0
2007-04-30,0.2890999913215637,0.2890999913215637,0.2876499891281128,0.2888999879360199,0
2007-05-01,0.2890999913215637,0.2890999913215637,0.28766000270843506,0.2888999879360199,0
2007-05-02,0.2876499891281128,0.2888999879360199,0.2876499891281128,0.2888999879360199,0
2007-05-03,0.2890999913215637,0.2890999913215637,0.2876499891281128,0.2876499891281128,0
2007-05-04,0.2876499891281128,0.2890999913215637,0.2876499891281128,0.2888999879360199,0
2007-05-07,0.2890999913215637,0.2890999913215637,0.2876499891281128,0.2888999879360199,0
2007-05-08,0.2890999913215637,0.2890999913215637,0.2876499891281128,0.2888999879360199,0
2007-05-09,0.289110004901886,0.289110004901886,0.2876499891281128,0.2876499891281128,0
2007-05-10,0.2890999913215637,0.2890999913215637,0.28766000270843506,0.2888999879360199,0
2007-05-11,0.28766000270843506,0.28999999165534973,0.2876400053501129,0.28999999165534973,0
2007-05-14,0.2891499996185303,0.2891499996185303,0.28766000270843506,0.28766998648643494,0
2007-05-15,0.28905001282691956,0.28984999656677246,0.2876499891281128,0.28984999656677246,0
2007-05-16,0.2890799939632416,0.28984999656677246,0.28762999176979065,0.28984999656677246,0
2007-05-17,0.289110004901886,0.28984999656677246,0.28766000270843506,0.28766000270843506,0
2007-05-18,0.2890999913215637,0.28984999656677246,0.2876400053501129,0.28984999656677246,0
2007-05-21,0.2865999937057495,0.289900004863739,0.2865599989891052,0.28984999656677246,0
2007-05-22,0.28790000081062317,0.28790000081062317,0.2865000069141388,0.2874999940395355,0
2007-05-23,0.28744998574256897,0.2874999940395355,0.2862499952316284,0.2874999940395355,0
2007-05-24,0.28769999742507935,0.28769999742507935,0.2862499952316284,0.2874999940395355,0
2007-05-25,0.2877199947834015,0.2877199947834015,0.2862499952316284,0.2874999940395355,0
2007-05-28,0.2862499952316284,0.2874999940395355,0.2862499952316284,0.2874999940395355,0
2007-05-29,0.28859999775886536,0.28859999775886536,0.28665000200271606,0.2867499887943268,0
2007-05-30,0.2884500026702881,0.2885099947452545,0.28700000047683716,0.2881999909877777,0
2007-05-31,0.2883000075817108,0.288349986076355,0.2868500053882599,0.2870599925518036,0
2007-06-01,0.2883000075817108,0.2883000075817108,0.28679999709129333,0.2881999909877777,0
2007-06-04,0.28815001249313354,0.2881999909877777,0.2865999937057495,0.2881999909877777,0
2007-06-05,0.2866100072860718,0.2881999909877777,0.2865599989891052,0.2881999909877777,0
2007-06-06,0.28804999589920044,0.28804999589920044,0.2865999937057495,0.2879999876022339,0
2007-06-07,0.288100004196167,0.288100004196167,0.28657999634742737,0.2879999876022339,0
2007-06-08,0.2865700125694275,0.2874999940395355,0.2865400016307831,0.2874999940395355,0
2007-06-11,0.28808000683784485,0.28808000683784485,0.2865700125694275,0.2865700125694275,0
2007-06-12,0.2865999937057495,0.2874999940395355,0.2865999937057495,0.2874999940395355,0
2007-06-13,0.28654998540878296,0.28804999589920044,0.2865000069141388,0.2874999940395355,0
2007-06-14,0.2880600094795227,0.2880600094795227,0.2865000069141388,0.2874999940395355,0
2007-06-15,0.2865000069141388,0.2879500091075897,0.2865000069141388,0.2874999940395355,0
2007-06-18,0.2880600094795227,0.2880600094795227,0.2865000069141388,0.2874999940395355,0
2007-06-19,0.2865999937057495,0.2874999940395355,0.28654998540878296,0.2874999940395355,0
2007-06-20,0.2866100072860718,0.2874999940395355,0.28654998540878296,0.2874999940395355,0
2007-06-21,0.2865999937057495,0.28804999589920044,0.28654998540878296,0.2874999940395355,0
2007-06-22,0.28804999589920044,0.28804999589920044,0.28657999634742737,0.2874999940395355,0
2007-06-25,0.2866100072860718,0.2874999940395355,0.2865999937057495,0.2874999940395355,0
2007-06-26,0.28804999589920044,0.2880600094795227,0.2865999937057495,0.2866100072860718,0
2007-06-27,0.2880600094795227,0.2880600094795227,0.2865999937057495,0.2874999940395355,0
2007-06-28,0.2880600094795227,0.2880600094795227,0.2865999937057495,0.2866100072860718,0
2007-06-29,0.2880600094795227,0.2880600094795227,0.2865999937057495,0.2874999940395355,0
2007-07-02,0.28665000200271606,0.28804999589920044,0.2865999937057495,0.2866100072860718,0
2007-07-03,0.28804999589920044,0.28804999589920044,0.2865700125694275,0.2874999940395355,0
2007-07-04,0.2865999937057495,0.2874999940395355,0.2865700125694275,0.2874999940395355,0
2007-07-05,0.28804999589920044,0.28804999589920044,0.2865999937057495,0.2874999940395355,0
2007-07-06,0.28804999589920044,0.2880600094795227,0.2865999937057495,0.2874999940395355,0
2007-07-09,0.288100004196167,0.28812000155448914,0.2865999937057495,0.2874999940395355,0
2007-07-10,0.2880600094795227,0.2880699932575226,0.28654998540878296,0.2874999940395355,0
2007-07-11,0.2879999876022339,0.2879999876022339,0.28654998540878296,0.2874999940395355,0
2007-07-12,0.28690001368522644,0.2874999940395355,0.2853499948978424,0.2874999940395355,0
2007-07-13,0.2854599952697754,0.28679999709129333,0.28543001413345337,0.28679999709129333,0
2007-07-16,0.28690001368522644,0.28690001368522644,0.2853499948978424,0.2867000102996826,0
2007-07-17,0.28685998916625977,0.28685998916625977,0.2853499948978424,0.2867000102996826,0
2007-07-18,0.2868500053882599,0.2868500053882599,0.28540000319480896,0.2867000102996826,0
2007-07-19,0.2868500053882599,0.28685998916625977,0.28540000319480896,0.2867000102996826,0
2007-07-20,0.2868500053882599,0.2868500053882599,0.28540000319480896,0.2867000102996826,0
2007-07-23,0.28685998916625977,0.28685998916625977,0.28540000319480896,0.2867000102996826,0
2007-07-24,0.28540998697280884,0.2868500053882599,0.28540000319480896,0.2867000102996826,0
2007-07-25,0.2822999954223633,0.2867000102996826,0.2804499864578247,0.2867000102996826,0
2007-07-26,0.28220000863075256,0.28220000863075256,0.28075000643730164,0.2818000018596649,0
2007-07-27,0.2809000015258789,0.2818000018596649,0.2808000147342682,0.2818000018596649,0
2007-07-30,0.2824000120162964,0.2824000120162964,0.2808000147342682,0.2809000015258789,0
2007-07-31,0.28060001134872437,0.2818000018596649,0.28053000569343567,0.2818000018596649,0
2007-08-01,0.28200000524520874,0.28200000524520874,0.2805500030517578,0.2818000018596649,0
2007-08-02,0.2805599868297577,0.28200000524520874,0.28049999475479126,0.2818000018596649,0
2007-08-03,0.28200000524520874,0.28200000524520874,0.28049999475479126,0.2818000018596649,0
2007-08-06,0.2800000011920929,0.2818000018596649,0.27994999289512634,0.2818000018596649,0
2007-08-07,0.28005000948905945,0.2801800072193146,0.2800000011920929,0.2800000011920929,0
2007-08-08,0.2802099883556366,0.2818000018596649,0.28005000948905945,0.2818000018596649,0
2007-08-09,0.2803100049495697,0.2818000018596649,0.2800999879837036,0.2818000018596649,0
2007-08-10,0.28174999356269836,0.28174999356269836,0.2802000045776367,0.2803100049495697,0
2007-08-13,0.2816999852657318,0.2816999852657318,0.28025001287460327,0.28033000230789185,0
2007-08-14,0.28185001015663147,0.28185001015663147,0.2805100083351135,0.2818000018596649,0
2007-08-15,0.28220000863075256,0.28220000863075256,0.2805899977684021,0.2818000018596649,0
2007-08-16,0.2808000147342682,0.2818000018596649,0.28044000267982483,0.2818000018596649,0
2007-08-17,0.2818000018596649,0.2818000018596649,0.280349999666214,0.2818000018596649,0
2007-08-20,0.28174999356269836,0.2818000018596649,0.28033000230789185,0.2818000018596649,0
2007-08-21,0.2818000018596649,0.2818000018596649,0.2802799940109253,0.2818000018596649,0
2007-08-22,0.2818000018596649,0.2818000018596649,0.28025001287460327,0.2818000018596649,0
2007-08-23,0.28022998571395874,0.2818000018596649,0.28022998571395874,0.2818000018596649,0
2007-08-24,0.28165000677108765,0.2818000018596649,0.2800999879837036,0.2818000018596649,0
2007-08-27,0.28025001287460327,0.2818000018596649,0.2799299955368042,0.2818000018596649,0
2007-08-28,0.2824999988079071,0.2824999988079071,0.2800999879837036,0.2818000018596649,0
2007-08-29,0.2824999988079071,0.2824999988079071,0.2798500061035156,0.2824999988079071,0
2007-08-30,0.28154999017715454,0.2824999988079071,0.28005000948905945,0.2824999988079071,0
2007-08-31,0.28154999017715454,0.28154999017715454,0.2799600064754486,0.2815000116825104,0
2007-09-03,0.2800999879837036,0.2815000116825104,0.2800300121307373,0.2815000116825104,0
2007-09-04,0.2815000116825104,0.2815000116825104,0.2800000011920929,0.2815000116825104,0
2007-09-05,0.2815999984741211,0.2815999984741211,0.2800000011920929,0.2815000116825104,0
2007-09-06,0.2810499966144562,0.2815000116825104,0.2796500027179718,0.2815000116825104,0
2007-09-07,0.28110000491142273,0.28110000491142273,0.279449999332428,0.2800000011920929,0
2007-09-11,0.2800000011920929,0.2806999981403351,0.2793000042438507,0.2800000011920929,0
2007-09-12,0.2793999910354614,0.2793999910354614,0.2791000008583069,0.2791000008583069,0
2007-09-13,0.2809000015258789,0.2809000015258789,0.2791999876499176,0.2800000011920929,0
2007-09-14,0.28110000491142273,0.28110000491142273,0.2792699933052063,0.2794399857521057,0
2007-09-17,0.2809000015258789,0.2809000015258789,0.279449999332428,0.279449999332428,0
2007-09-18,0.28125,0.28125,0.2794399857521057,0.28049999475479126,0
2007-09-19,0.28110000491142273,0.28110000491142273,0.27943000197410583,0.28049999475479126,0
2007-09-20,0.2809000015258789,0.2809000015258789,0.279339998960495,0.2800000011920929,0
2007-09-21,0.27924999594688416,0.2809999883174896,0.27915000915527344,0.2809999883174896,0
2007-09-24,0.2797999978065491,0.2797999978065491,0.2784999907016754,0.2793700098991394,0
2007-09-25,0.2800000011920929,0.2800000011920929,0.2784999907016754,0.2800000011920929,0
2007-09-26,0.27959999442100525,0.2800000011920929,0.2782300114631653,0.2800000011920929,0
2007-09-27,0.2797999978065491,0.2800000011920929,0.278329998254776,0.2800000011920929,0
2007-09-28,0.278329998254776,0.2800000011920929,0.2780500054359436,0.2800000011920929,0
2007-10-01,0.2780900001525879,0.27959999442100525,0.2777499854564667,0.27959999442100525,0
2007-10-02,0.2780799865722656,0.27959999442100525,0.27775999903678894,0.27959999442100525,0
2007-10-03,0.27970001101493835,0.2797499895095825,0.2780799865722656,0.27959999442100525,0
2007-10-04,0.2799000144004822,0.2799000144004822,0.27827998995780945,0.27959999442100525,0
2007-10-05,0.2785699963569641,0.2799000144004822,0.27834999561309814,0.27959999442100525,0
2007-10-08,0.27862998843193054,0.27959999442100525,0.27862998843193054,0.27959999442100525,0
2007-10-09,0.27873000502586365,0.2800999879837036,0.27862998843193054,0.27959999442100525,0
2007-10-10,0.2788099944591522,0.2800000011920929,0.27873000502586365,0.27959999442100525,0
2007-10-11,0.27869001030921936,0.2800000011920929,0.27869001030921936,0.2800000011920929,0
2007-10-12,0.2800999879837036,0.2800999879837036,0.27845001220703125,0.2800000011920929,0
2007-10-15,0.2799000144004822,0.2800000011920929,0.27854999899864197,0.2800000011920929,0
2007-10-16,0.2773300111293793,0.2800000011920929,0.2773300111293793,0.2800000011920929,0
2007-10-17,0.2772600054740906,0.2775000035762787,0.2772600054740906,0.2773300111293793,0
2007-10-18,0.27674999833106995,0.2775000035762787,0.2766900062561035,0.2775000035762787,0
2007-10-19,0.2782000005245209,0.2782000005245209,0.27656999230384827,0.2775000035762787,0
2007-10-22,0.2777000069618225,0.2777999937534332,0.2763499915599823,0.2770000100135803,0
2007-10-23,0.27790001034736633,0.27790001034736633,0.2763800024986267,0.2777999937534332,0
2007-10-24,0.2777499854564667,0.2777999937534332,0.27605000138282776,0.2764799892902374,0
2007-10-25,0.2759299874305725,0.2775000035762787,0.2759299874305725,0.2775000035762787,0
2007-10-26,0.27584999799728394,0.2775000035762787,0.27549999952316284,0.2775000035762787,0
2007-10-29,0.27709999680519104,0.2775000035762787,0.2754499912261963,0.27649998664855957,0
2007-10-30,0.27709999680519104,0.2775000035762787,0.2754499912261963,0.2757300138473511,0
2007-10-31,0.2770000100135803,0.2770000100135803,0.2754000127315521,0.27573999762535095,0
2007-11-01,0.2754499912261963,0.27684998512268066,0.2754499912261963,0.27684998512268066,0
2007-11-02,0.27526000142097473,0.2766999900341034,0.2752400040626526,0.2754499912261963,0
2007-11-05,0.275160014629364,0.2766999900341034,0.275160014629364,0.2766999900341034,0
2007-11-06,0.2750000059604645,0.27649998664855957,0.2748900055885315,0.275160014629364,0
2007-11-07,0.27630001306533813,0.27630001306533813,0.27456000447273254,0.2762500047683716,0
2007-11-08,0.27630001306533813,0.27630001306533813,0.27476999163627625,0.2759999930858612,0
2007-11-09,0.2761000096797943,0.2761000096797943,0.2741200029850006,0.2759999930858612,0
2007-11-12,0.27480998635292053,0.2748599946498871,0.2745000123977661,0.27465999126434326,0
2007-11-13,0.27476999163627625,0.2761499881744385,0.2745000123977661,0.2759999930858612,0
2007-11-14,0.2761499881744385,0.27619999647140503,0.27463001012802124,0.2757999897003174,0
2007-11-15,0.27619999647140503,0.27619999647140503,0.2745499908924103,0.2757999897003174,0
2007-11-16,0.2759999930858612,0.2759999930858612,0.274399995803833,0.27549999952316284,0
2007-11-19,0.2748500108718872,0.2761000096797943,0.27452999353408813,0.27483001351356506,0
2007-11-20,0.2759000062942505,0.2759000062942505,0.27397000789642334,0.27549999952316284,0
2007-11-21,0.274399995803833,0.2750000059604645,0.2727699875831604,0.2750000059604645,0
2007-11-22,0.2727999985218048,0.27425000071525574,0.2727999985218048,0.27425000071525574,0
2007-11-23,0.27241000533103943,0.27399998903274536,0.2721500098705292,0.27399998903274536,0
2007-11-27,0.2738499939441681,0.2738499939441681,0.27250000834465027,0.27250000834465027,0
2007-11-28,0.2736999988555908,0.2736999988555908,0.27250000834465027,0.2736999988555908,0
2007-11-29,0.2729499936103821,0.2736999988555908,0.27274999022483826,0.2736999988555908,0
2007-11-30,0.27327001094818115,0.2736999988555908,0.2727000117301941,0.2736999988555908,0
2007-12-03,0.2728700041770935,0.27425000071525574,0.27274999022483826,0.2736999988555908,0
2007-12-04,0.2736999988555908,0.27379998564720154,0.2725900113582611,0.2736999988555908,0
2007-12-05,0.2736999988555908,0.2740499973297119,0.2724199891090393,0.2736999988555908,0
2007-12-06,0.272599995136261,0.27410000562667847,0.2724500000476837,0.2736999988555908,0
2007-12-07,0.2726300060749054,0.27399998903274536,0.272599995136261,0.2736999988555908,0
2007-12-10,0.272599995136261,0.27379998564720154,0.2722800076007843,0.2736999988555908,0
2007-12-11,0.2724500000476837,0.2736999988555908,0.2722499966621399,0.2736999988555908,0
2007-12-12,0.27399998903274536,0.27399998903274536,0.2723599970340729,0.2736999988555908,0
2007-12-13,0.27390000224113464,0.27390000224113464,0.27250000834465027,0.2736999988555908,0
2007-12-14,0.27399998903274536,0.27399998903274536,0.27160999178886414,0.27250000834465027,0
2007-12-17,0.2750000059604645,0.2750000059604645,0.27250000834465027,0.2728999853134155,0
2007-12-19,0.2750000059604645,0.2750000059604645,0.272599995136261,0.2750000059604645,0
2007-12-20,0.2743000090122223,0.2750000059604645,0.2727999985218048,0.2750000059604645,0
2007-12-21,0.27399998903274536,0.27399998903274536,0.2729699909687042,0.2730900049209595,0
2007-12-24,0.2740499973297119,0.2750000059604645,0.2740499973297119,0.2750000059604645,0
2007-12-25,0.274399995803833,0.274399995803833,0.274399995803833,0.274399995803833,0
2007-12-26,0.274399995803833,0.274399995803833,0.274399995803833,0.274399995803833,0
2007-12-27,0.27211999893188477,0.274399995803833,0.27211999893188477,0.274399995803833,0
2007-12-28,0.27180999517440796,0.274399995803833,0.27167999744415283,0.274399995803833,0
2007-12-31,0.2738499939441681,0.2738499939441681,0.2728999853134155,0.273499995470047,0
2008-01-01,0.2728999853134155,0.2728999853134155,0.2728999853134155,0.2728999853134155,0
2008-01-02,0.27285000681877136,0.2728999853134155,0.2709999978542328,0.2728999853134155,0
2008-01-03,0.27285000681877136,0.2728999853134155,0.271230012178421,0.2728999853134155,0
2008-01-04,0.2727999985218048,0.2728999853134155,0.27101999521255493,0.2728999853134155,0
2008-01-07,0.27309998869895935,0.27309998869895935,0.27147001028060913,0.2728999853134155,0
2008-01-08,0.2716900110244751,0.2728999853134155,0.27156999707221985,0.2728999853134155,0
2008-01-09,0.27320000529289246,0.27320000529289246,0.27147001028060913,0.2716900110244751,0
2008-01-10,0.27320000529289246,0.273250013589859,0.2715800106525421,0.2728999853134155,0
2008-01-11,0.273250013589859,0.273250013589859,0.27129998803138733,0.2718000113964081,0
2008-01-14,0.271450012922287,0.27250000834465027,0.27094998955726624,0.27153000235557556,0
2008-01-15,0.27230000495910645,0.27254998683929443,0.2708599865436554,0.27230000495910645,0
2008-01-16,0.27230000495910645,0.2727000117301941,0.2712000012397766,0.27230000495910645,0
2008-01-17,0.2728999853134155,0.2728999853134155,0.2699500024318695,0.27230000495910645,0
2008-01-18,0.27175000309944153,0.2728999853134155,0.2699500024318695,0.27230000495910645,0
2008-01-21,0.2717599868774414,0.2720400094985962,0.271450012922287,0.27175000309944153,0
2008-01-22,0.2715800106525421,0.27309998869895935,0.26879000663757324,0.27230000495910645,0
2008-01-23,0.2727000117301941,0.27309998869895935,0.27149999141693115,0.2715800106525421,0
2008-01-24,0.27129998803138733,0.2727000117301941,0.27000001072883606,0.2727000117301941,0
2008-01-25,0.2727000117301941,0.2727000117301941,0.2711299955844879,0.2727000117301941,0
2008-01-28,0.27136000990867615,0.2730500102043152,0.27136000990867615,0.272599995136261,0
2008-01-29,0.27171000838279724,0.272599995136261,0.2701900005340576,0.272599995136261,0
2008-01-30,0.27149999141693115,0.27300000190734863,0.2702000141143799,0.272599995136261,0
2008-01-31,0.27149999141693115,0.27285000681877136,0.27149999141693115,0.272599995136261,0
2008-02-01,0.27250000834465027,0.272599995136261,0.2713499963283539,0.272599995136261,0
2008-02-04,0.27149999141693115,0.2730500102043152,0.27149999141693115,0.272599995136261,0
2008-02-05,0.27184000611305237,0.2733500003814697,0.27149999141693115,0.27149999141693115,0
2008-02-06,0.2719300091266632,0.273250013589859,0.2717199921607971,0.27184000611305237,0
2008-02-07,0.2722199857234955,0.2722199857234955,0.27175000309944153,0.2719300091266632,0
2008-02-08,0.2732999920845032,0.2732999920845032,0.2713499963283539,0.2722199857234955,0
2008-02-11,0.2720400094985962,0.2736000120639801,0.2718999981880188,0.2718999981880188,0
2008-02-12,0.2721500098705292,0.273499995470047,0.2720400094985962,0.2720400094985962,0
2008-02-13,0.2723099887371063,0.2757500112056732,0.2721000015735626,0.2757500112056732,0
2008-02-14,0.2734000086784363,0.27344998717308044,0.2720000147819519,0.27320000529289246,0
2008-02-15,0.2734000086784363,0.2734000086784363,0.2718900144100189,0.27320000529289246,0
2008-02-18,0.2718999981880188,0.27320000529289246,0.2718999981880188,0.27320000529289246,0
2008-02-19,0.2733500003814697,0.2734000086784363,0.2718999981880188,0.27320000529289246,0
2008-02-20,0.2736999988555908,0.2736999988555908,0.27175000309944153,0.27320000529289246,0
2008-02-21,0.2732999920845032,0.2732999920845032,0.2718000113964081,0.27320000529289246,0
2008-02-22,0.2728999853134155,0.27320000529289246,0.2713499963283539,0.27320000529289246,0
2008-02-25,0.27153998613357544,0.27320000529289246,0.271450012922287,0.27320000529289246,0
2008-02-26,0.27145999670028687,0.2728999853134155,0.27145999670028687,0.2727999985218048,0
2008-02-27,0.27110999822616577,0.2727999985218048,0.2711000144481659,0.2727999985218048,0
2008-02-28,0.272599995136261,0.272599995136261,0.2710599899291992,0.27250000834465027,0
2008-02-29,0.27083998918533325,0.27250000834465027,0.27066999673843384,0.27250000834465027,0
2008-03-03,0.27118000388145447,0.27250000834465027,0.27083998918533325,0.27250000834465027,0
2008-03-04,0.2721500098705292,0.27250000834465027,0.27066999673843384,0.27250000834465027,0
2008-03-05,0.27219998836517334,0.27219998836517334,0.270440012216568,0.2720000147819519,0
2008-03-06,0.2702299952507019,0.2720000147819519,0.26883000135421753,0.2720000147819519,0
2008-03-07,0.2700499892234802,0.2720000147819519,0.26816999912261963,0.2720000147819519,0
2008-03-10,0.27125000953674316,0.2720000147819519,0.26985999941825867,0.2720000147819519,0
2008-03-11,0.2709999978542328,0.2720000147819519,0.26949000358581543,0.2720000147819519,0
2008-03-12,0.2709999978542328,0.2709999978542328,0.2692300081253052,0.26980000734329224,0
2008-03-13,0.2689499855041504,0.2709999978542328,0.267300009727478,0.2709999978542328,0
2008-03-14,0.2685000002384186,0.2709999978542328,0.262690007686615,0.2709999978542328,0
2008-03-17,0.2672800123691559,0.2672800123691559,0.26304998993873596,0.2672800123691559,0
2008-03-18,0.2647300064563751,0.2709999978542328,0.2647300064563751,0.2709999978542328,0
2008-03-19,0.2658500075340271,0.26635000109672546,0.2647300064563751,0.2658500075340271,0
2008-03-20,0.2654300034046173,0.2669999897480011,0.2652199864387512,0.2658500075340271,0
2008-03-21,0.2654300034046173,0.2676999866962433,0.2654300034046173,0.2676999866962433,0
2008-03-24,0.2654300034046173,0.2676999866962433,0.2654300034046173,0.2676999866962433,0
2008-03-25,0.2652600109577179,0.2676999866962433,0.2650499939918518,0.2676999866962433,0
2008-03-26,0.2662000060081482,0.2676999866962433,0.26464998722076416,0.2676999866962433,0
2008-03-27,0.26499998569488525,0.26499998569488525,0.2637999951839447,0.26486000418663025,0
2008-03-28,0.2653999924659729,0.26545000076293945,0.2639699876308441,0.2639699876308441,0
2008-03-31,0.26416999101638794,0.2653000056743622,0.2639699876308441,0.2641200125217438,0
2008-04-02,0.265749990940094,0.26579999923706055,0.2643499970436096,0.265749990940094,0
2008-04-03,0.265749990940094,0.2661600112915039,0.2643899917602539,0.265749990940094,0
2008-04-04,0.26455000042915344,0.265749990940094,0.26326000690460205,0.265749990940094,0
2008-04-07,0.26460000872612,0.26600000262260437,0.26455000042915344,0.265749990940094,0
2008-04-08,0.265749990940094,0.265749990940094,0.2642500102519989,0.265749990940094,0
2008-04-09,0.26444000005722046,0.26570001244544983,0.2642599940299988,0.265500009059906,0
2008-04-10,0.26499998569488525,0.265500009059906,0.26350000500679016,0.265500009059906,0
2008-04-11,0.2651999890804291,0.2651999890804291,0.2635999917984009,0.26499998569488525,0
2008-04-14,0.26499998569488525,0.26499998569488525,0.2621000111103058,0.26499998569488525,0
2008-04-15,0.26499998569488525,0.26535001397132874,0.2636600136756897,0.26499998569488525,0
2008-04-16,0.26420000195503235,0.2655999958515167,0.263590008020401,0.26499998569488525,0
2008-04-17,0.2637999951839447,0.26524999737739563,0.26241999864578247,0.26499998569488525,0
2008-04-18,0.26589998602867126,0.26589998602867126,0.26377999782562256,0.26499998569488525,0
2008-04-21,0.26436999440193176,0.265749990940094,0.2639800012111664,0.26499998569488525,0
2008-04-22,0.26385000348091125,0.26499998569488525,0.26365000009536743,0.26499998569488525,0
2008-04-23,0.2651999890804291,0.2651999890804291,0.26374998688697815,0.26499998569488525,0
2008-04-24,0.265749990940094,0.265749990940094,0.26249998807907104,0.2651999890804291,0
2008-04-25,0.26576998829841614,0.26576998829841614,0.26427000761032104,0.26499998569488525,0
2008-04-28,0.26499998569488525,0.26499998569488525,0.2643499970436096,0.26499998569488525,0
2008-04-29,0.26499998569488525,0.2662000060081482,0.26284998655319214,0.26499998569488525,0
2008-04-30,0.26499998569488525,0.2662999927997589,0.2646700143814087,0.26499998569488525,0
2008-05-02,0.26493000984191895,0.26625001430511475,0.26365000009536743,0.26499998569488525,0
2008-05-05,0.265639990568161,0.26715001463890076,0.26499998569488525,0.26499998569488525,0
2008-05-06,0.26684999465942383,0.26684999465942383,0.26499998569488525,0.26499998569488525,0
2008-05-07,0.26499998569488525,0.2671000063419342,0.26545000076293945,0.26554998755455017,0
2008-05-08,0.2674500048160553,0.2674500048160553,0.2645600140094757,0.26499998569488525,0
2008-05-09,0.2669999897480011,0.26704999804496765,0.26499998569488525,0.26499998569488525,0
2008-05-12,0.2669999897480011,0.26704999804496765,0.2667999863624573,0.2667999863624573,0
2008-05-13,0.2650499939918518,0.2667999863624573,0.26493000984191895,0.2667999863624573,0
2008-05-14,0.26499998569488525,0.2667999863624573,0.26350000500679016,0.2667999863624573,0
2008-05-15,0.2652199864387512,0.26664999127388,0.2649199962615967,0.26499998569488525,0
2008-05-16,0.2651999890804291,0.2660999894142151,0.2649100124835968,0.2660999894142151,0
2008-05-19,0.2660999894142151,0.26625001430511475,0.2646999955177307,0.2660999894142151,0
2008-05-20,0.26482999324798584,0.2660999894142151,0.2645600140094757,0.2660999894142151,0
2008-05-21,0.2660999894142151,0.2662000060081482,0.2616100013256073,0.2660999894142151,0
2008-05-22,0.26372000575065613,0.2660999894142151,0.26365000009536743,0.2660999894142151,0
2008-05-23,0.26350998878479004,0.2641400098800659,0.263480007648468,0.26372000575065613,0
2008-05-26,0.26342999935150146,0.2635999917984009,0.2633500099182129,0.26350998878479004,0
2008-05-27,0.2636300027370453,0.26464998722076416,0.2632000148296356,0.26342999935150146,0
2008-05-28,0.2660999894142151,0.2660999894142151,0.26322999596595764,0.2660999894142151,0
2008-05-29,0.2641200125217438,0.2660999894142151,0.2634499967098236,0.2660999894142151,0
2008-05-30,0.2639999985694885,0.2660999894142151,0.263480007648468,0.2660999894142151,0
2008-06-02,0.26365000009536743,0.2660999894142151,0.263619989156723,0.2639999985694885,0
2008-06-03,0.2660999894142151,0.2642500102519989,0.2636300027370453,0.26365000009536743,0
2008-06-04,0.2660999894142151,0.2660999894142151,0.26385998725891113,0.2660999894142151,0
2008-06-05,0.2641099989414215,0.2653999924659729,0.2639000117778778,0.2641899883747101,0
2008-06-06,0.26524999737739563,0.2660999894142151,0.26322999596595764,0.2660999894142151,0
2008-06-09,0.26350000500679016,0.263619989156723,0.26322001218795776,0.2634899914264679,0
2008-06-10,0.2660999894142151,0.2651999890804291,0.26350000500679016,0.26350000500679016,0
2008-06-11,0.2660999894142151,0.2660999894142151,0.26381999254226685,0.2660999894142151,0
2008-06-12,0.2642599940299988,0.2660999894142151,0.26381999254226685,0.2660999894142151,0
2008-06-13,0.2644200026988983,0.2660999894142151,0.26409998536109924,0.2660999894142151,0
2008-06-16,0.26579999923706055,0.2660999894142151,0.26423999667167664,0.2660999894142151,0
2008-06-17,0.2644599974155426,0.26589998602867126,0.26416000723838806,0.265749990940094,0
2008-06-18,0.26416000723838806,0.2656500041484833,0.2641200125217438,0.265500009059906,0
2008-06-19,0.26409000158309937,0.265500009059906,0.2639699876308441,0.265500009059906,0
2008-06-20,0.2653999924659729,0.2653999924659729,0.26365000009536743,0.26535001397132874,0
2008-06-23,0.26499998569488525,0.2655999958515167,0.26365000009536743,0.26499998569488525,0
2008-06-24,0.26499998569488525,0.26535001397132874,0.26392999291419983,0.26499998569488525,0
2008-06-25,0.26499998569488525,0.26524999737739563,0.26363998651504517,0.26499998569488525,0
2008-06-26,0.26339998841285706,0.26499998569488525,0.2632000148296356,0.26499998569488525,0
2008-06-27,0.2628900110721588,0.26499998569488525,0.26284000277519226,0.26499998569488525,0
2008-06-30,0.26489999890327454,0.26499998569488525,0.2632499933242798,0.26499998569488525,0
2008-07-02,0.26429998874664307,0.264849990606308,0.2633099853992462,0.26429998874664307,0
2008-07-03,0.26034000515937805,0.26429998874664307,0.2602500021457672,0.26429998874664307,0
2008-07-04,0.2634899914264679,0.26429998874664307,0.26034000515937805,0.26429998874664307,0
2008-07-07,0.2651500105857849,0.2651500105857849,0.263590008020401,0.26429998874664307,0
2008-07-08,0.2651500105857849,0.2651500105857849,0.2632899880409241,0.26429998874664307,0
2008-07-09,0.2651999890804291,0.26524999737739563,0.2636899948120117,0.26429998874664307,0
2008-07-10,0.26365000009536743,0.26475000381469727,0.26365000009536743,0.26429998874664307,0
2008-07-11,0.2634100019931793,0.26429998874664307,0.2634100019931793,0.26429998874664307,0
2008-07-14,0.26368001103401184,0.26510000228881836,0.26365000009536743,0.26429998874664307,0
2008-07-15,0.26357999444007874,0.2649500072002411,0.2632800042629242,0.26429998874664307,0
2008-07-16,0.26429998874664307,0.2651500105857849,0.263480007648468,0.26429998874664307,0
2008-07-17,0.26388999819755554,0.2653000056743622,0.26365000009536743,0.26429998874664307,0
2008-07-18,0.2642599940299988,0.265500009059906,0.26365000009536743,0.26429998874664307,0
2008-07-21,0.2653000056743622,0.2653999924659729,0.26381999254226685,0.26429998874664307,0
2008-07-22,0.26429998874664307,0.2653000056743622,0.26357999444007874,0.26429998874664307,0
2008-07-23,0.26429998874664307,0.2653000056743622,0.263949990272522,0.26429998874664307,0
2008-07-24,0.26570001244544983,0.265749990940094,0.2640700042247772,0.26429998874664307,0
2008-07-25,0.2656500041484833,0.26570001244544983,0.2639000117778778,0.26429998874664307,0
2008-07-28,0.26535001397132874,0.26535001397132874,0.26403000950813293,0.26524999737739563,0
2008-07-29,0.26438000798225403,0.26554998755455017,0.26396000385284424,0.26524999737739563,0
2008-07-30,0.26524999737739563,0.2658500075340271,0.2642500102519989,0.26524999737739563,0
2008-07-31,0.2656500041484833,0.26570001244544983,0.26423001289367676,0.26524999737739563,0
2008-08-26,0.2659299969673157,0.26680999994277954,0.26587000489234924,0.26669999957084656,0
2008-08-27,0.2669999897480011,0.26750001311302185,0.2655700147151947,0.26750001311302185,0
2008-08-28,0.2659899890422821,0.2669999897480011,0.265749990940094,0.2669999897480011,0
2008-08-29,0.2660999894142151,0.26704999804496765,0.2658799886703491,0.2669999897480011,0
2008-09-01,0.2669999897480011,0.2669999897480011,0.26565998792648315,0.2669999897480011,0
2008-09-02,0.2676999866962433,0.2676999866962433,0.26579999923706055,0.2669999897480011,0
2008-09-03,0.2669999897480011,0.2669999897480011,0.265500009059906,0.2669999897480011,0
2008-09-04,0.2663699984550476,0.26759999990463257,0.265500009059906,0.2669999897480011,0
2008-09-05,0.26635000109672546,0.2669999897480011,0.26611998677253723,0.2669999897480011,0
2008-09-08,0.26673001050949097,0.2678000032901764,0.26589998602867126,0.2669999897480011,0
2008-09-09,0.2669999897480011,0.2669999897480011,0.2662999927997589,0.2669999897480011,0
2008-09-10,0.2669999897480011,0.26759999990463257,0.2662299871444702,0.2669999897480011,0
2008-09-11,0.2666800022125244,0.2669999897480011,0.2662999927997589,0.2669999897480011,0
2008-09-12,0.26750001311302185,0.26750001311302185,0.2660300135612488,0.2669999897480011,0
2008-09-15,0.2669999897480011,0.26759999990463257,0.26440000534057617,0.2669999897480011,0
2008-09-16,0.2669999897480011,0.26750001311302185,0.265749990940094,0.2669999897480011,0
2008-09-17,0.26759999990463257,0.26759999990463257,0.26600000262260437,0.2669999897480011,0
2008-09-18,0.2639699876308441,0.2669999897480011,0.26374998688697815,0.2669999897480011,0
2008-09-19,0.26416000723838806,0.26502999663352966,0.2639699876308441,0.2639699876308441,0
2008-09-22,0.2669999897480011,0.2669999897480011,0.2640799880027771,0.2669999897480011,0
2008-09-23,0.26350000500679016,0.2669999897480011,0.2630999982357025,0.2669999897480011,0
2008-09-24,0.2669999897480011,0.2669999897480011,0.2632000148296356,0.26350000500679016,0
2008-09-25,0.2659899890422821,0.2669999897480011,0.2632000148296356,0.2669999897480011,0
2008-09-26,0.26603999733924866,0.26750001311302185,0.26548001170158386,0.2669999897480011,0
2008-09-29,0.26750001311302185,0.26750001311302185,0.2653000056743622,0.26750001311302185,0
2008-09-30,0.26750001311302185,0.26750001311302185,0.265390008687973,0.26750001311302185,0
2008-10-01,0.26750001311302185,0.26750001311302185,0.26548001170158386,0.26750001311302185,0
2008-10-02,0.2671000063419342,0.26750001311302185,0.265500009059906,0.26750001311302185,0
2008-10-03,0.2669999897480011,0.26750001311302185,0.26548001170158386,0.26750001311302185,0
2008-10-06,0.26750001311302185,0.267549991607666,0.2660999894142151,0.26750001311302185,0
2008-10-07,0.26750001311302185,0.26750001311302185,0.2658799886703491,0.26750001311302185,0
2008-10-08,0.26750001311302185,0.26750001311302185,0.2612200081348419,0.26750001311302185,0
2008-10-09,0.2667500078678131,0.2668600082397461,0.26440000534057617,0.26440000534057617,0
2008-10-10,0.2665799856185913,0.26750001311302185,0.2664799988269806,0.26750001311302185,0
2008-10-13,0.2653999924659729,0.26750001311302185,0.2653999924659729,0.26750001311302185,0
2008-10-14,0.26750001311302185,0.26750001311302185,0.26510000228881836,0.26750001311302185,0
2008-10-15,0.2664499878883362,0.26750001311302185,0.26535001397132874,0.26750001311302185,0
2008-10-16,0.2676500082015991,0.2685000002384186,0.2641499936580658,0.26750001311302185,0
2008-10-17,0.2672500014305115,0.26750001311302185,0.26570001244544983,0.26750001311302185,0
2008-10-20,0.26750001311302185,0.2685999870300293,0.265500009059906,0.26750001311302185,0
2008-10-21,0.26750001311302185,0.2682799994945526,0.26589998602867126,0.26750001311302185,0
2008-10-22,0.2673499882221222,0.2683500051498413,0.26684999465942383,0.26750001311302185,0
2008-10-23,0.2664799988269806,0.2673499882221222,0.26646000146865845,0.2673499882221222,0
2008-10-24,0.2664400041103363,0.26655998826026917,0.2648000121116638,0.2664799988269806,0
2008-10-27,0.26570001244544983,0.2664400041103363,0.26570001244544983,0.2664400041103363,0
2008-10-28,0.2660999894142151,0.26642999053001404,0.26570001244544983,0.26570001244544983,0
2008-10-29,0.26545000076293945,0.2660999894142151,0.26545000076293945,0.2660999894142151,0
2008-10-30,0.2686600089073181,0.26875001192092896,0.2644500136375427,0.26545000076293945,0
2008-10-31,0.2691900134086609,0.26941999793052673,0.2685000002384186,0.2686600089073181,0
2008-11-03,0.2700999975204468,0.270220011472702,0.26759999990463257,0.2685000002384186,0
2008-11-04,0.2696000039577484,0.2696099877357483,0.26697999238967896,0.2685000002384186,0
2008-11-05,0.2685000002384186,0.2685000002384186,0.26649999618530273,0.2685000002384186,0
2008-11-06,0.26899999380111694,0.26899999380111694,0.2663800120353699,0.2685000002384186,0
2008-11-07,0.26750001311302185,0.26919999718666077,0.26649999618530273,0.26919999718666077,0
2008-11-10,0.26919999718666077,0.27000001072883606,0.26669999957084656,0.26750001311302185,0
2008-11-11,0.26919999718666077,0.2696000039577484,0.26840001344680786,0.26919999718666077,0
2008-11-12,0.27000001072883606,0.27000001072883606,0.26833999156951904,0.26919999718666077,0
2008-11-13,0.2696000039577484,0.27000001072883606,0.2689000070095062,0.27000001072883606,0
2008-11-14,0.2692500054836273,0.2707499861717224,0.2692500054836273,0.27000001072883606,0
2008-11-17,0.27000001072883606,0.27125000953674316,0.2689000070095062,0.27000001072883606,0
2008-11-18,0.2699100077152252,0.2711000144481659,0.2698099911212921,0.27000001072883606,0
2008-11-19,0.27000001072883606,0.2712000012397766,0.26985999941825867,0.27000001072883606,0
2008-11-20,0.2718699872493744,0.2720000147819519,0.27000001072883606,0.27000001072883606,0
2008-11-21,0.27300000190734863,0.27300000190734863,0.2703999876976013,0.2718699872493744,0
2008-11-24,0.2722499966621399,0.2722499966621399,0.2703999876976013,0.2720000147819519,0
2008-11-25,0.27175000309944153,0.2718999981880188,0.27000001072883606,0.27000001072883606,0
2008-11-26,0.2720000147819519,0.2721000015735626,0.27000001072883606,0.27000001072883606,0
2008-11-27,0.27250000834465027,0.27250000834465027,0.2710300087928772,0.27250000834465027,0
2008-11-28,0.27175000309944153,0.272599995136261,0.2703999876976013,0.27250000834465027,0
2008-12-01,0.27250000834465027,0.27505001425743103,0.2718000113964081,0.27402999997138977,0
2008-12-02,0.2750000059604645,0.2750000059604645,0.27250000834465027,0.27250000834465027,0
2008-12-03,0.2740100026130676,0.2754000127315521,0.2737399935722351,0.2737399935722351,0
2008-12-04,0.27549999952316284,0.27549999952316284,0.2737500071525574,0.2740100026130676,0
2008-12-05,0.27559998631477356,0.27559998631477356,0.2737500071525574,0.2737500071525574,0
2008-12-08,0.2750000059604645,0.2750000059604645,0.2736400067806244,0.2750000059604645,0
2008-12-09,0.2750000059604645,0.27524998784065247,0.2736699879169464,0.2750000059604645,0
2008-12-10,0.2735599875450134,0.2750000059604645,0.273470014333725,0.2750000059604645,0
2008-12-11,0.2727999985218048,0.2750000059604645,0.2727999985218048,0.2750000059604645,0
2008-12-12,0.27425000071525574,0.2750000059604645,0.2703999876976013,0.2750000059604645,0
2008-12-15,0.27399998903274536,0.2743000090122223,0.27219000458717346,0.27399998903274536,0
2008-12-16,0.2727000117301941,0.27434998750686646,0.27250000834465027,0.27399998903274536,0
2008-12-17,0.27399998903274536,0.27399998903274536,0.2712399959564209,0.27399998903274536,0
2008-12-18,0.2700200080871582,0.27399998903274536,0.26862001419067383,0.27399998903274536,0
2008-12-19,0.2752000093460083,0.2752000093460083,0.2685000002384186,0.2700200080871582,0
2008-12-22,0.27399998903274536,0.27524998784065247,0.270579993724823,0.2707900106906891,0
2008-12-23,0.27399998903274536,0.27559998631477356,0.27382001280784607,0.27399998903274536,0
2008-12-24,0.27399998903274536,0.2766999900341034,0.27399998903274536,0.27549999952316284,0
2008-12-25,0.27399998903274536,0.27399998903274536,0.27399998903274536,0.27399998903274536,0
2008-12-26,0.27399998903274536,0.27399998903274536,0.27399998903274536,0.27399998903274536,0
2008-12-29,0.27559998631477356,0.27559998631477356,0.2738400101661682,0.27399998903274536,0
2008-12-30,0.27309998869895935,0.2759999930858612,0.2689000070095062,0.27399998903274536,0
2008-12-31,0.2759999930858612,0.2759999930858612,0.27309998869895935,0.27399998903274536,0
2009-01-01,0.27309998869895935,0.27399998903274536,0.27309998869895935,0.27399998903274536,0
2009-01-02,0.2762500047683716,0.2762500047683716,0.27300000190734863,0.2734299898147583,0
2009-01-05,0.27915000915527344,0.2791999876499176,0.27538999915122986,0.27538999915122986,0
2009-01-06,0.2815000116825104,0.2815000116825104,0.2770000100135803,0.2770000100135803,0
2009-01-07,0.28200000524520874,0.28200000524520874,0.27959999442100525,0.28029999136924744,0
2009-01-08,0.28040000796318054,0.28150999546051025,0.27970999479293823,0.2815000116825104,0
2009-01-09,0.2815000116825104,0.2815000116825104,0.27695998549461365,0.2800300121307373,0
2009-01-12,0.2816300094127655,0.28290998935699463,0.28075000643730164,0.2815999984741211,0
2009-01-13,0.28268998861312866,0.28360000252723694,0.28161999583244324,0.2816300094127655,0
2009-01-14,0.28376999497413635,0.2847500145435333,0.2816300094127655,0.28268998861312866,0
2009-01-15,0.2885099947452545,0.2888599932193756,0.28376999497413635,0.28376999497413635,0
2009-01-16,0.2879500091075897,0.2885099947452545,0.2865000069141388,0.2885099947452545,0
2009-01-19,0.28299999237060547,0.28299999237060547,0.28075000643730164,0.28224998712539673,0
2009-01-20,0.28700000047683716,0.29225000739097595,0.28299999237060547,0.28299999237060547,0
2009-01-21,0.29304999113082886,0.29304999113082886,0.2861500084400177,0.28700000047683716,0
2009-01-22,0.28949999809265137,0.29589998722076416,0.28584998846054077,0.2861500084400177,0
2009-01-23,0.2946000099182129,0.2946000099182129,0.28949999809265137,0.28949999809265137,0
2009-01-26,0.28725001215934753,0.2894200086593628,0.28725001215934753,0.28725001215934753,0
2009-01-27,0.28812000155448914,0.28812000155448914,0.28619998693466187,0.28725001215934753,0
2009-01-28,0.2891800105571747,0.28999999165534973,0.28812000155448914,0.28812000155448914,0
2009-01-29,0.29010000824928284,0.295199990272522,0.28769999742507935,0.2891800105571747,0
2009-01-30,0.28824999928474426,0.29010000824928284,0.28769999742507935,0.29010000824928284,0
2009-02-02,0.2849999964237213,0.2955999970436096,0.2849999964237213,0.2888999879360199,0
2009-02-03,0.2849999964237213,0.2955999970436096,0.2849999964237213,0.2849999964237213,0
2009-02-04,0.2849999964237213,0.2955999970436096,0.2849999964237213,0.2849999964237213,0
2009-02-05,0.2932499945163727,0.29510000348091125,0.29100000858306885,0.2932499945163727,0
2009-02-06,0.291049987077713,0.29350000619888306,0.2849999964237213,0.2849999964237213,0
2009-02-09,0.29300999641418457,0.2935999929904938,0.29054999351501465,0.2935999929904938,0
2009-02-10,0.2849999964237213,0.29328998923301697,0.2849999964237213,0.2849999964237213,0
2009-02-11,0.29100000858306885,0.2915099859237671,0.28824999928474426,0.29072999954223633,0
2009-02-12,0.29100000858306885,0.29139000177383423,0.2849999964237213,0.2849999964237213,0
2009-02-13,0.29100000858306885,0.29120001196861267,0.2849999964237213,0.2849999964237213,0
2009-02-16,0.2910099923610687,0.29159998893737793,0.28905001282691956,0.29100000858306885,0
2009-02-17,0.2915000021457672,0.2921000123023987,0.2849999964237213,0.2849999964237213,0
2009-02-18,0.2849999964237213,0.2935500144958496,0.2849999964237213,0.2849999964237213,0
2009-02-19,0.2930999994277954,0.2930999994277954,0.2885499894618988,0.29096999764442444,0
2009-02-20,0.2932499945163727,0.2932499945163727,0.2849999964237213,0.2849999964237213,0
2009-02-23,0.2887499928474426,0.2925100028514862,0.2849999964237213,0.2849999964237213,0
2009-02-24,0.29249998927116394,0.2930999994277954,0.2849999964237213,0.2849999964237213,0
2009-02-25,0.29260000586509705,0.29260000586509705,0.2849999964237213,0.2849999964237213,0
2009-02-26,0.29201000928878784,0.29249998927116394,0.2849999964237213,0.2849999964237213,0
2009-02-27,0.2930000126361847,0.2930999994277954,0.2849999964237213,0.2849999964237213,0
2009-03-02,0.2849999964237213,0.2935999929904938,0.2849999964237213,0.2849999964237213,0
2009-03-03,0.2937999963760376,0.2944999933242798,0.29144999384880066,0.2935999929904938,0
2009-03-04,0.29350000619888306,0.29510000348091125,0.2849999964237213,0.2849999964237213,0
2009-03-05,0.29499998688697815,0.29510000348091125,0.2787500023841858,0.2849999964237213,0
2009-03-06,0.29554998874664307,0.29554998874664307,0.2849999964237213,0.2849999964237213,0
2009-03-09,0.2849999964237213,0.2944999933242798,0.2849999964237213,0.2849999964237213,0
2009-03-10,0.2944999933242798,0.29455000162124634,0.2917500138282776,0.2939999997615814,0
2009-03-11,0.2939999997615814,0.29455000162124634,0.2849999964237213,0.2849999964237213,0
2009-03-12,0.2944999933242798,0.2944999933242798,0.2849999964237213,0.2849999964237213,0
2009-03-13,0.29350998997688293,0.2939999997615814,0.2849999964237213,0.2849999964237213,0
2009-03-16,0.29350000619888306,0.29350998997688293,0.2849999964237213,0.2849999964237213,0
2009-03-17,0.29225000739097595,0.2939999997615814,0.2849999964237213,0.2849999964237213,0
2009-03-18,0.2921000123023987,0.29249998927116394,0.2849999964237213,0.2849999964237213,0
2009-03-19,0.29089999198913574,0.29100000858306885,0.2849999964237213,0.2849999964237213,0
2009-03-20,0.28850001096725464,0.28885000944137573,0.2849999964237213,0.2849999964237213,0
2009-03-23,0.2879999876022339,0.28964999318122864,0.2849999964237213,0.2849999964237213,0
2009-03-24,0.2895500063896179,0.28999999165534973,0.2849999964237213,0.2849999964237213,0
2009-03-25,0.28863000869750977,0.28964999318122864,0.2849999964237213,0.2849999964237213,0
2009-03-26,0.28949999809265137,0.28949999809265137,0.2849999964237213,0.2849999964237213,0
2009-03-27,0.2895500063896179,0.2895500063896179,0.2849999964237213,0.2849999964237213,0
2009-03-30,0.2917500138282776,0.2917500138282776,0.28850001096725464,0.28995001316070557,0
2009-03-31,0.290039986371994,0.2903499901294708,0.2849999964237213,0.2849999964237213,0
2009-04-01,0.29100000858306885,0.29100000858306885,0.2849999964237213,0.2849999964237213,0
2009-04-02,0.28951001167297363,0.29074999690055847,0.2849999964237213,0.2849999964237213,0
2009-04-03,0.28940001130104065,0.2906000018119812,0.2849999964237213,0.2849999964237213,0
2009-04-06,0.29065001010894775,0.29065001010894775,0.2849999964237213,0.2849999964237213,0
2009-04-07,0.2901799976825714,0.29023998975753784,0.2849999964237213,0.2849999964237213,0
2009-04-08,0.2892000079154968,0.2904300093650818,0.2849999964237213,0.2849999964237213,0
2009-04-09,0.2915000021457672,0.2915000021457672,0.2849999964237213,0.2849999964237213,0
2009-04-10,0.29071998596191406,0.29071998596191406,0.2849999964237213,0.2849999964237213,0
2009-04-13,0.2915000021457672,0.2915000021457672,0.2849999964237213,0.2849999964237213,0
2009-04-14,0.2906999886035919,0.2915000021457672,0.2849999964237213,0.2849999964237213,0
2009-04-15,0.291049987077713,0.291049987077713,0.2894600033760071,0.28957000374794006,0
2009-04-16,0.28999000787734985,0.2915099859237671,0.2849999964237213,0.2849999964237213,0
2009-04-17,0.2906300127506256,0.2906300127506256,0.2849999964237213,0.2849999964237213,0
2009-04-20,0.2919999957084656,0.2921000123023987,0.2849999964237213,0.2849999964237213,0
2009-04-21,0.29249998927116394,0.29249998927116394,0.2849999964237213,0.2849999964237213,0
2009-04-22,0.2925499975681305,0.2925499975681305,0.2909199893474579,0.29249998927116394,0
2009-04-23,0.2921999990940094,0.29225000739097595,0.2849999964237213,0.2849999964237213,0
2009-04-24,0.28984999656677246,0.29109999537467957,0.2849999964237213,0.2849999964237213,0
2009-04-27,0.2895500063896179,0.29109999537467957,0.2849999964237213,0.2849999964237213,0
2009-04-28,0.2849999964237213,0.29074999690055847,0.2849999964237213,0.2849999964237213,0
2009-04-29,0.28995999693870544,0.29047998785972595,0.2895500063896179,0.2903900146484375,0
2009-04-30,0.2895500063896179,0.29100000858306885,0.2849999964237213,0.2849999964237213,0
2009-05-01,0.29120001196861267,0.29124999046325684,0.2849999964237213,0.2849999964237213,0
2009-05-04,0.29100000858306885,0.29100000858306885,0.28905001282691956,0.2895500063896179,0
2009-05-05,0.2892099916934967,0.2908500134944916,0.2889600098133087,0.28944000601768494,0
2009-05-06,0.2906999886035919,0.29074999690055847,0.2849999964237213,0.2849999964237213,0
2009-05-07,0.28946998715400696,0.2915000021457672,0.2849999964237213,0.2849999964237213,0
2009-05-08,0.289000004529953,0.28984999656677246,0.2849999964237213,0.2849999964237213,0
2009-05-11,0.28824999928474426,0.2915000021457672,0.2849999964237213,0.2849999964237213,0
2009-05-12,0.2895500063896179,0.2895500063896179,0.2849999964237213,0.2849999964237213,0
2009-05-13,0.289249986410141,0.28929999470710754,0.2849999964237213,0.2849999964237213,0
2009-05-14,0.2896000146865845,0.2896000146865845,0.2849999964237213,0.2849999964237213,0
2009-05-15,0.28940001130104065,0.2894499897956848,0.2849999964237213,0.2849999964237213,0
2009-05-18,0.29010000824928284,0.29054999351501465,0.2849999964237213,0.2849999964237213,0
2009-05-19,0.2897999882698059,0.2897999882698059,0.2849999964237213,0.2849999964237213,0
2009-05-20,0.2878499925136566,0.28940001130104065,0.2849999964237213,0.2849999964237213,0
2009-05-21,0.289000004529953,0.2890999913215637,0.2849999964237213,0.2849999964237213,0
2009-05-22,0.28850001096725464,0.28850001096725464,0.2849999964237213,0.2849999964237213,0
2009-05-25,0.2866100072860718,0.2879999876022339,0.2849999964237213,0.2849999964237213,0
2009-05-26,0.2849999964237213,0.2879999876022339,0.2849999964237213,0.2849999964237213,0
2009-05-27,0.28790000081062317,0.288100004196167,0.2860099971294403,0.28665000200271606,0
2009-05-28,0.2879999876022339,0.2879999876022339,0.2849999964237213,0.2849999964237213,0
2009-05-29,0.2863500118255615,0.2879999876022339,0.2849999964237213,0.2849999964237213,0
2009-06-01,0.2849999964237213,0.28790000081062317,0.2849999964237213,0.2849999964237213,0
2009-06-02,0.2863999903202057,0.2879999876022339,0.28505000472068787,0.2856000065803528,0
2009-06-03,0.28505000472068787,0.2867499887943268,0.28481000661849976,0.2849999964237213,0
2009-06-04,0.2874000072479248,0.2879999876022339,0.2849999964237213,0.2849999964237213,0
2009-06-05,0.28617000579833984,0.2879999876022339,0.2849999964237213,0.2849999964237213,0
2009-06-08,0.28859999775886536,0.28859999775886536,0.2849999964237213,0.2849999964237213,0
2009-06-09,0.28804999589920044,0.28804999589920044,0.2849999964237213,0.2849999964237213,0
2009-06-10,0.2877500057220459,0.28780001401901245,0.2849999964237213,0.2849999964237213,0
2009-06-11,0.2859500050544739,0.2870100140571594,0.2859100103378296,0.2861599922180176,0
2009-06-12,0.28790000081062317,0.28790000081062317,0.2849999964237213,0.2849999964237213,0
2009-06-15,0.2869099974632263,0.28839999437332153,0.2849999964237213,0.2849999964237213,0
2009-06-16,0.2879999876022339,0.288100004196167,0.2849999964237213,0.2849999964237213,0
2009-06-17,0.2870999872684479,0.2875100076198578,0.2861799895763397,0.28626999258995056,0
2009-06-18,0.28700000047683716,0.28999999165534973,0.2849999964237213,0.2849999964237213,0
2009-06-19,0.2865000069141388,0.2872999906539917,0.2849999964237213,0.2849999964237213,0
2009-06-22,0.28633999824523926,0.2869499921798706,0.2849999964237213,0.2849999964237213,0
2009-06-23,0.28760001063346863,0.28760001063346863,0.2849999964237213,0.2849999964237213,0
2009-06-24,0.2874999940395355,0.2874999940395355,0.2849999964237213,0.2849999964237213,0
2009-06-25,0.28650999069213867,0.28668999671936035,0.2849999964237213,0.2849999964237213,0
2009-06-26,0.2874000072479248,0.2874000072479248,0.2849999964237213,0.2849999964237213,0
2009-06-29,0.28600001335144043,0.2872999906539917,0.2849999964237213,0.2849999964237213,0
2009-06-30,0.2861199975013733,0.28621000051498413,0.2849999964237213,0.2849999964237213,0
2009-07-01,0.2852100133895874,0.2872999906539917,0.2849999964237213,0.2849999964237213,0
2009-07-02,0.2860400080680847,0.2863300144672394,0.2849999964237213,0.2849999964237213,0
2009-07-03,0.28637999296188354,0.2872999906539917,0.2849999964237213,0.2849999964237213,0
2009-07-06,0.28626999258995056,0.2872999906539917,0.2849999964237213,0.2849999964237213,0
2009-07-07,0.2862499952316284,0.2863999903202057,0.2849999964237213,0.2849999964237213,0
2009-07-08,0.28630000352859497,0.2867499887943268,0.2849999964237213,0.2849999964237213,0
2009-07-09,0.2862499952316284,0.2864600121974945,0.2849999964237213,0.2849999964237213,0
2009-07-10,0.28586000204086304,0.2863999903202057,0.2849999964237213,0.2849999964237213,0
2009-07-13,0.28586000204086304,0.2865000069141388,0.2849999964237213,0.2849999964237213,0
2009-07-14,0.2862499952316284,0.2862600088119507,0.2849999964237213,0.2849999964237213,0
2009-07-15,0.2849999964237213,0.2862600088119507,0.2849999964237213,0.2849999964237213,0
2009-07-16,0.28600001335144043,0.2860099971294403,0.28505000472068787,0.28600001335144043,0
2009-07-17,0.2860099971294403,0.2860099971294403,0.2849999964237213,0.2849999964237213,0
2009-07-20,0.2849999964237213,0.2849999964237213,0.2849999964237213,0.2849999964237213,0
2009-07-21,0.2849999964237213,0.2849999964237213,0.2849999964237213,0.2849999964237213,0
2009-07-22,0.2849999964237213,0.2849999964237213,0.2849999964237213,0.2849999964237213,0
2009-07-23,0.2849999964237213,0.2849999964237213,0.2849999964237213,0.2849999964237213,0
2009-07-24,0.2867000102996826,0.2870500087738037,0.2849999964237213,0.2849999964237213,0
2009-07-27,0.2849999964237213,0.2849999964237213,0.2849999964237213,0.2849999964237213,0
2009-07-28,0.2849999964237213,0.2849999964237213,0.2849999964237213,0.2849999964237213,0
2009-07-29,0.2849999964237213,0.2849999964237213,0.2849999964237213,0.2849999964237213,0
2009-07-30,0.2849999964237213,0.2849999964237213,0.2849999964237213,0.2849999964237213,0
2009-07-31,0.28589001297950745,0.28725001215934753,0.2849999964237213,0.2849999964237213,0
2009-08-03,0.2849999964237213,0.2849999964237213,0.2849999964237213,0.2849999964237213,0
2009-08-04,0.2849999964237213,0.2849999964237213,0.2849999964237213,0.2849999964237213,0
2009-08-05,0.2849999964237213,0.2849999964237213,0.2849999964237213,0.2849999964237213,0
2009-08-06,0.2849999964237213,0.2849999964237213,0.2849999964237213,0.2849999964237213,0
2009-08-07,0.28700000047683716,0.2870500087738037,0.2849999964237213,0.2849999964237213,0
2009-08-10,0.2849999964237213,0.2849999964237213,0.2849999964237213,0.2849999964237213,0
2009-08-11,0.2849999964237213,0.2849999964237213,0.2849999964237213,0.2849999964237213,0
2009-08-12,0.2849999964237213,0.2849999964237213,0.2849999964237213,0.2849999964237213,0
2009-08-13,0.2849999964237213,0.2849999964237213,0.2849999964237213,0.2849999964237213,0
2009-08-14,0.2872999906539917,0.2872999906539917,0.2849999964237213,0.2849999964237213,0
2009-08-17,0.2874999940395355,0.2874999940395355,0.2874999940395355,0.2874999940395355,0
2009-08-18,0.2874999940395355,0.2874999940395355,0.2874999940395355,0.2874999940395355,0
2009-08-19,0.2874999940395355,0.2874999940395355,0.2874999940395355,0.2874999940395355,0
2009-08-20,0.2874999940395355,0.2874999940395355,0.2874999940395355,0.2874999940395355,0
2009-08-21,0.28690001368522644,0.2874999940395355,0.2850399911403656,0.2874999940395355,0
2009-08-24,0.2874999940395355,0.2874999940395355,0.2874999940395355,0.2874999940395355,0
2009-08-25,0.2874999940395355,0.2874999940395355,0.2874999940395355,0.2874999940395355,0
2009-08-26,0.2874999940395355,0.2874999940395355,0.2874999940395355,0.2874999940395355,0
2009-08-27,0.2874999940395355,0.2874999940395355,0.2874999940395355,0.2874999940395355,0
2009-08-28,0.2845500111579895,0.2845500111579895,0.2845500111579895,0.2845500111579895,0
2009-08-31,0.2874999940395355,0.2874999940395355,0.2874999940395355,0.2874999940395355,0
2009-09-01,0.2874999940395355,0.2874999940395355,0.2874999940395355,0.2874999940395355,0
2009-09-02,0.2874999940395355,0.2874999940395355,0.2874999940395355,0.2874999940395355,0
2009-09-03,0.2874999940395355,0.2874999940395355,0.2874999940395355,0.2874999940395355,0
2009-09-04,0.287200003862381,0.2874999940395355,0.28547999262809753,0.2874999940395355,0
2009-09-07,0.2874999940395355,0.2874999940395355,0.2874999940395355,0.2874999940395355,0
2009-09-08,0.2874999940395355,0.2874999940395355,0.2874999940395355,0.2874999940395355,0
2009-09-09,0.2874999940395355,0.2874999940395355,0.2874999940395355,0.2874999940395355,0
2009-09-10,0.2874999940395355,0.2874999940395355,0.2874999940395355,0.2874999940395355,0
2009-09-11,0.28505000472068787,0.2874999940395355,0.2845500111579895,0.2874999940395355,0
2009-09-14,0.2874999940395355,0.2874999940395355,0.2874999940395355,0.2874999940395355,0
2009-09-15,0.2848599851131439,0.2848599851131439,0.2848599851131439,0.2848599851131439,0
2009-09-16,0.2874999940395355,0.2874999940395355,0.2874999940395355,0.2874999940395355,0
2009-09-17,0.28464001417160034,0.28464001417160034,0.28464001417160034,0.28464001417160034,0
2009-09-18,0.2848699986934662,0.2861500084400177,0.2845500111579895,0.28464001417160034,0
2009-09-21,0.2874999940395355,0.2874999940395355,0.2874999940395355,0.2874999940395355,0
2009-09-22,0.2874999940395355,0.2874999940395355,0.2874999940395355,0.2874999940395355,0
2009-09-23,0.2874999940395355,0.2874999940395355,0.2874999940395355,0.2874999940395355,0
2009-09-24,0.28505000472068787,0.2874999940395355,0.2842000126838684,0.2874999940395355,0
2009-09-25,0.2851099967956543,0.2854999899864197,0.2845500111579895,0.2851000130176544,0
2009-09-28,0.28507000207901,0.2862499952316284,0.2845500111579895,0.2852399945259094,0
2009-09-29,0.2852399945259094,0.2867499887943268,0.2847500145435333,0.28485000133514404,0
2009-09-30,0.28505000472068787,0.28665000200271606,0.2845500111579895,0.28501999378204346,0
2009-10-01,0.28525999188423157,0.28665000200271606,0.28505000472068787,0.2851499915122986,0
2009-10-02,0.28512001037597656,0.28512001037597656,0.28512001037597656,0.28512001037597656,0
2009-10-05,0.28505000472068787,0.2865999937057495,0.2849299907684326,0.2850799858570099,0
2009-10-06,0.2863999903202057,0.2865999937057495,0.28450000286102295,0.28505000472068787,0
2009-10-07,0.28494998812675476,0.2865000069141388,0.2845500111579895,0.2849999964237213,0
2009-10-08,0.284960001707077,0.2862499952316284,0.2835499942302704,0.2846499979496002,0
2009-10-09,0.2849000096321106,0.284960001707077,0.28404998779296875,0.284960001707077,0
2009-10-12,0.28485000133514404,0.28600001335144043,0.28485000133514404,0.2851000130176544,0
2009-10-13,0.28516000509262085,0.28516000509262085,0.2845500111579895,0.28494998812675476,0
2009-10-14,0.2856999933719635,0.2863999903202057,0.2842400074005127,0.28630000352859497,0
2009-10-15,0.2858000099658966,0.2858000099658966,0.28404998779296875,0.2840999960899353,0
2009-10-16,0.2858000099658966,0.2858000099658966,0.28404998779296875,0.28446000814437866,0
2009-10-19,0.2858000099658966,0.2860499918460846,0.28404998779296875,0.2845599949359894,0
2009-10-20,0.28439998626708984,0.28540000319480896,0.2838999927043915,0.2843500077724457,0
2009-10-21,0.2854999899864197,0.28565001487731934,0.2835499942302704,0.284170001745224,0
2009-10-22,0.2854999899864197,0.28554999828338623,0.2835499942302704,0.28387999534606934,0
2009-10-23,0.2852500081062317,0.2854999899864197,0.28255000710487366,0.283050000667572,0
2009-10-26,0.2845200002193451,0.2854500114917755,0.2835499942302704,0.2840000092983246,0
2009-10-27,0.28584998846054077,0.28584998846054077,0.2836500108242035,0.28446000814437866,0
2009-10-28,0.2847500145435333,0.2861500084400177,0.2836500108242035,0.28415000438690186,0
2009-10-29,0.28428998589515686,0.2861500084400177,0.2835499942302704,0.2847500145435333,0
2009-10-30,0.2844800055027008,0.2858999967575073,0.28404998779296875,0.2847200036048889,0
2009-11-02,0.28600001335144043,0.28600001335144043,0.28404998779296875,0.2847500145435333,0
2009-11-03,0.28600001335144043,0.28610000014305115,0.28404998779296875,0.28459998965263367,0
2009-11-04,0.2860499918460846,0.28610000014305115,0.2846499979496002,0.2847999930381775,0
2009-11-05,0.2858000099658966,0.2858999967575073,0.2842000126838684,0.2842000126838684,0
2009-11-06,0.28575000166893005,0.2858000099658966,0.28404998779296875,0.2844499945640564,0
2009-11-09,0.28575000166893005,0.28575000166893005,0.283050000667572,0.28369998931884766,0
2009-11-10,0.2837499976158142,0.28575000166893005,0.28349998593330383,0.2835499942302704,0
2009-11-11,0.28505000472068787,0.28519999980926514,0.28349998593330383,0.28360000252723694,0
2009-11-12,0.2849999964237213,0.28519999980926514,0.2835499942302704,0.2838500142097473,0
2009-11-13,0.28404998779296875,0.2852500081062317,0.2835499942302704,0.2835499942302704,0
2009-11-16,0.2849999964237213,0.28505000472068787,0.283050000667572,0.2837499976158142,0
2009-11-17,0.2849999964237213,0.28505000472068787,0.283050000667572,0.2835499942302704,0
2009-11-18,0.2849999964237213,0.2849999964237213,0.2835499942302704,0.2838500142097473,0
2009-11-19,0.2851499915122986,0.28519999980926514,0.2835499942302704,0.2837499976158142,0
2009-11-20,0.2851000130176544,0.28519999980926514,0.2835499942302704,0.2837499976158142,0
2009-11-23,0.2851000130176544,0.28519999980926514,0.2835499942302704,0.2837499976158142,0
2009-11-24,0.28505000472068787,0.2851000130176544,0.2837499976158142,0.2837499976158142,0
2009-11-25,0.2851000130176544,0.2851000130176544,0.283050000667572,0.28345000743865967,0
2009-11-26,0.28345999121665955,0.2849999964237213,0.28314000368118286,0.2849999964237213,0
2009-11-27,0.2849000096321106,0.2849000096321106,0.2833000123500824,0.2834799885749817,0
2009-11-30,0.2847999930381775,0.2849000096321106,0.283050000667572,0.28349998593330383,0
2009-12-01,0.2830899953842163,0.28505000472068787,0.2827500104904175,0.28325000405311584,0
2009-12-02,0.2831900119781494,0.28554999828338623,0.2828499972820282,0.2832599878311157,0
2009-12-03,0.2847500145435333,0.2847500145435333,0.2827500104904175,0.28299999237060547,0
2009-12-04,0.28407999873161316,0.2849999964237213,0.283050000667572,0.28345000743865967,0
2009-12-07,0.2835499942302704,0.2845500111579895,0.2827500104904175,0.28404998779296875,0
2009-12-08,0.28349998593330383,0.2837499976158142,0.28255000710487366,0.28349998593330383,0
2009-12-09,0.2840000092983246,0.2840000092983246,0.2827500104904175,0.28360000252723694,0
2009-12-10,0.2795499861240387,0.2840699851512909,0.2795499861240387,0.2837499976158142,0
2009-12-11,0.2837499976158142,0.28380000591278076,0.283050000667572,0.28380000591278076,0
2009-12-14,0.2795499861240387,0.2842499911785126,0.2795499861240387,0.28380000591278076,0
2009-12-15,0.28505000472068787,0.28734999895095825,0.28299999237060547,0.28369998931884766,0
2009-12-16,0.28415000438690186,0.2847500145435333,0.2835499942302704,0.28439998626708984,0
2009-12-17,0.2848599851131439,0.28512001037597656,0.28380000591278076,0.28485000133514404,0
2009-12-18,0.28485000133514404,0.2853600084781647,0.2840000092983246,0.2847999930381775,0
2009-12-21,0.2853499948978424,0.2853499948978424,0.2836500108242035,0.2851000130176544,0
2009-12-22,0.28700000047683716,0.28700000047683716,0.2846499979496002,0.2853499948978424,0
2009-12-23,0.28679999709129333,0.28700000047683716,0.28404998779296875,0.2856599986553192,0
2009-12-28,0.2867000102996826,0.28690001368522644,0.28363001346588135,0.2852100133895874,0
2009-12-29,0.28540000319480896,0.28679999709129333,0.28404998779296875,0.2853499948978424,0
2009-12-30,0.2868500053882599,0.2870500087738037,0.28505000472068787,0.28540000319480896,0
2009-12-31,0.2867499887943268,0.28690001368522644,0.2867499887943268,0.2868500053882599,0
2010-01-04,0.28554001450538635,0.28578999638557434,0.2836500108242035,0.2856000065803528,0
2010-01-05,0.2851499915122986,0.2867499887943268,0.2843799889087677,0.28540000319480896,0
2010-01-06,0.28690001368522644,0.28690001368522644,0.2849999964237213,0.2851499915122986,0
2010-01-07,0.2852500081062317,0.2859500050544739,0.2851499915122986,0.2854500114917755,0
2010-01-08,0.28505000472068787,0.28575000166893005,0.28505000472068787,0.2856999933719635,0
2010-01-11,0.28464001417160034,0.2854500114917755,0.2845500111579895,0.28488001227378845,0
2010-01-12,0.28459998965263367,0.2852500081062317,0.2845500111579895,0.28481999039649963,0
2010-01-13,0.2849000096321106,0.2853499948978424,0.2827500104904175,0.28477001190185547,0
2010-01-14,0.2846899926662445,0.2849000096321106,0.2845500111579895,0.2846499979496002,0
2010-01-15,0.28488999605178833,0.2853499948978424,0.2845500111579895,0.28477999567985535,0
2010-01-18,0.28505000472068787,0.2851400077342987,0.2845500111579895,0.2849699854850769,0
2010-01-19,0.28519999980926514,0.28529998660087585,0.28450000286102295,0.2847900092601776,0
2010-01-20,0.28551000356674194,0.2855199873447418,0.28505000472068787,0.2853100001811981,0
2010-01-21,0.28543001413345337,0.28630000352859497,0.28540000319480896,0.28551000356674194,0
2010-01-22,0.2856900095939636,0.2859500050544739,0.28505000472068787,0.28543001413345337,0
2010-01-25,0.28527000546455383,0.28575998544692993,0.2827500104904175,0.2856900095939636,0
2010-01-26,0.2853200137615204,0.2859500050544739,0.28505000472068787,0.28540000319480896,0
2010-01-27,0.28584998846054077,0.28586000204086304,0.28505000472068787,0.28540000319480896,0
2010-01-28,0.2856200039386749,0.2862600088119507,0.28540000319480896,0.2856000065803528,0
2010-01-29,0.2866699993610382,0.2866699993610382,0.28554999828338623,0.2857300043106079,0
2010-02-01,0.2867099940776825,0.2867499887943268,0.2856999933719635,0.2860499918460846,0
2010-02-02,0.2874000072479248,0.2874000072479248,0.2859500050544739,0.2861199975013733,0
2010-02-03,0.287200003862381,0.2874000072479248,0.28554999828338623,0.28600001335144043,0
2010-02-04,0.28780001401901245,0.28780001401901245,0.2860499918460846,0.28619998693466187,0
2010-02-05,0.28762999176979065,0.2876499891281128,0.2860499918460846,0.2860499918460846,0
2010-02-08,0.28672999143600464,0.2875500023365021,0.2857399880886078,0.28598999977111816,0
2010-02-09,0.2881999909877777,0.2881999909877777,0.28654998540878296,0.28679001331329346,0
2010-02-10,0.28790000081062317,0.28790000081062317,0.28610000014305115,0.28652000427246094,0
2010-02-11,0.28769999742507935,0.28769999742507935,0.28602999448776245,0.2865599989891052,0
2010-02-12,0.288100004196167,0.28815001249313354,0.28602999448776245,0.28687000274658203,0
2010-02-15,0.28696998953819275,0.2878499925136566,0.28654998540878296,0.2868500053882599,0
2010-02-16,0.288100004196167,0.2883000075817108,0.2865299880504608,0.28700000047683716,0
2010-02-17,0.28696000576019287,0.2877799868583679,0.28529998660087585,0.28659000992774963,0
2010-02-18,0.2879999876022339,0.288100004196167,0.2865299880504608,0.2868500053882599,0
2010-02-19,0.28839999437332153,0.2886500060558319,0.28665000200271606,0.2875399887561798,0
2010-02-22,0.2881999909877777,0.28999999165534973,0.28571000695228577,0.287200003862381,0
2010-02-23,0.28815001249313354,0.28850001096725464,0.28679999709129333,0.28683000802993774,0
2010-02-24,0.287990003824234,0.28999999165534973,0.2867499887943268,0.28718000650405884,0
2010-02-25,0.2885499894618988,0.2885499894618988,0.2867000102996826,0.2869099974632263,0
2010-02-26,0.2883000075817108,0.2885499894618988,0.2865999937057495,0.28692999482154846,0
2010-03-01,0.2884500026702881,0.28850001096725464,0.28529998660087585,0.2872300148010254,0
2010-03-02,0.28870001435279846,0.28999999165534973,0.28714999556541443,0.2875100076198578,0
2010-03-03,0.2883000075817108,0.28870001435279846,0.2862499952316284,0.2868199944496155,0
2010-03-04,0.28790000081062317,0.2879999876022339,0.28529998660087585,0.2866300046443939,0
2010-03-05,0.28700000047683716,0.2883000075817108,0.2863500118255615,0.28700000047683716,0
2010-03-08,0.2879500091075897,0.28815001249313354,0.28575000166893005,0.2865599989891052,0
2010-03-09,0.28839999437332153,0.28850001096725464,0.28529998660087585,0.28700000047683716,0
2010-03-10,0.28839999437332153,0.28839999437332153,0.28654998540878296,0.28700000047683716,0
2010-03-11,0.28824999928474426,0.28839999437332153,0.2862499952316284,0.2870599925518036,0
2010-03-12,0.28659000992774963,0.2883000075817108,0.28657999634742737,0.2870500087738037,0
2010-03-15,0.2867000102996826,0.2871299982070923,0.2865000069141388,0.2865400016307831,0
2010-03-16,0.28644999861717224,0.28804999589920044,0.2860499918460846,0.28661999106407166,0
2010-03-17,0.28760001063346863,0.2876499891281128,0.2860499918460846,0.2862200140953064,0
2010-03-18,0.2877500057220459,0.28790000081062317,0.2860499918460846,0.28630000352859497,0
2010-03-19,0.28700000047683716,0.2876800000667572,0.2862499952316284,0.28672000765800476,0
2010-03-22,0.28839999437332153,0.28839999437332153,0.2868900001049042,0.28703999519348145,0
2010-03-23,0.2883000075817108,0.28839999437332153,0.28654998540878296,0.28690001368522644,0
2010-03-24,0.289000004529953,0.28999999165534973,0.2869499921798706,0.28718000650405884,0
2010-03-25,0.2874999940395355,0.28999999165534973,0.2870500087738037,0.28824999928474426,0
2010-03-26,0.2887499928474426,0.289000004529953,0.2870500087738037,0.28760001063346863,0
2010-03-29,0.28870001435279846,0.2887499928474426,0.28529998660087585,0.28745999932289124,0
2010-03-30,0.2883000075817108,0.28929999470710754,0.2868500053882599,0.2873600125312805,0
2010-03-31,0.28859999775886536,0.2891499996185303,0.28700000047683716,0.28738999366760254,0
2010-04-01,0.2887499928474426,0.2891499996185303,0.28529998660087585,0.287200003862381,0
2010-04-02,0.2887499928474426,0.2887499928474426,0.2887499928474426,0.2887499928474426,0
2010-04-05,0.28824999928474426,0.2887499928474426,0.2881999909877777,0.2887499928474426,0
2010-04-06,0.28850001096725464,0.2895500063896179,0.2870500087738037,0.2887499928474426,0
2010-04-07,0.2883000075817108,0.2901099920272827,0.2865400016307831,0.28725001215934753,0
2010-04-08,0.28859999775886536,0.28870001435279846,0.28529998660087585,0.2872900068759918,0
2010-04-09,0.28839999437332153,0.28870001435279846,0.28679999709129333,0.2873300015926361,0
2010-04-12,0.2876499891281128,0.28769999742507935,0.28519999980926514,0.28565001487731934,0
2010-04-13,0.2875500023365021,0.2876499891281128,0.2827500104904175,0.2859799861907959,0
2010-04-14,0.27000001072883606,0.2872999906539917,0.27000001072883606,0.2827500104904175,0
2010-04-15,0.28700000047683716,0.28734999895095825,0.28554999828338623,0.28578001260757446,0
2010-04-16,0.2859799861907959,0.2874000072479248,0.28554999828338623,0.2863999903202057,0
2010-04-19,0.28641998767852783,0.28769999742507935,0.28529998660087585,0.2863500118255615,0
2010-04-20,0.2876499891281128,0.2876499891281128,0.2858999967575073,0.2864300012588501,0
2010-04-21,0.28790000081062317,0.2879999876022339,0.28648000955581665,0.2865000069141388,0
2010-04-22,0.28790000081062317,0.2879999876022339,0.28610000014305115,0.2865700125694275,0
2010-04-23,0.28683000802993774,0.2883000075817108,0.28610000014305115,0.287200003862381,0
2010-04-26,0.28696998953819275,0.2883000075817108,0.28610000014305115,0.28690001368522644,0
2010-04-27,0.28696000576019287,0.28839999437332153,0.28529998660087585,0.28683000802993774,0
2010-04-28,0.28850001096725464,0.28870001435279846,0.28690001368522644,0.28696000576019287,0
2010-04-29,0.2886500060558319,0.2886500060558319,0.28700000047683716,0.2872700095176697,0
2010-04-30,0.2884500026702881,0.2884500026702881,0.2868500053882599,0.28738999366760254,0
2010-05-03,0.28859999775886536,0.28859999775886536,0.28529998660087585,0.2872999906539917,0
2010-05-04,0.28940001130104065,0.28999999165534973,0.28529998660087585,0.2876499891281128,0
2010-05-05,0.28964999318122864,0.28999999165534973,0.28690001368522644,0.2881700098514557,0
2010-05-06,0.28975000977516174,0.28975000977516174,0.28529998660087585,0.2879500091075897,0
2010-05-07,0.2897000014781952,0.28999999165534973,0.2875500023365021,0.28850001096725464,0
2010-05-10,0.2875500023365021,0.28839999437332153,0.2870999872684479,0.2875500023365021,0
2010-05-11,0.2891499996185303,0.28999999165534973,0.2877500057220459,0.2877500057220459,0
2010-05-12,0.289249986410141,0.28999999165534973,0.2862499952316284,0.2883000075817108,0
2010-05-13,0.28949999809265137,0.2896000146865845,0.2883400022983551,0.2883400022983551,0
2010-05-14,0.28964999318122864,0.28999999165534973,0.28804999589920044,0.2882300019264221,0
2010-05-17,0.28984999656677246,0.2906999886035919,0.285180002450943,0.2892700135707855,0
2010-05-18,0.29100000858306885,0.29100000858306885,0.28780001401901245,0.2896899878978729,0
2010-05-19,0.2895500063896179,0.2902500033378601,0.28859999775886536,0.29010000824928284,0
2010-05-20,0.2895500063896179,0.29109999537467957,0.2888999879360199,0.289249986410141,0
2010-05-21,0.2906999886035919,0.29074999690055847,0.2885499894618988,0.2897000014781952,0
2010-05-24,0.29065001010894775,0.2906999886035919,0.29065001010894775,0.29065001010894775,0
2010-05-25,0.29100000858306885,0.29100000858306885,0.2875500023365021,0.28975000977516174,0
2010-05-26,0.2895500063896179,0.29109999537467957,0.2867000102996826,0.28975000977516174,0
2010-05-27,0.2895500063896179,0.2912999987602234,0.28529998660087585,0.2895500063896179,0
2010-05-28,0.29100000858306885,0.29124999046325684,0.2885499894618988,0.2895500063896179,0
2010-05-31,0.3072899878025055,0.3072899878025055,0.28738000988960266,0.28744998574256897,0
2010-06-01,0.291049987077713,0.29109999537467957,0.28929999470710754,0.28975000977516174,0
2010-06-02,0.2913999855518341,0.2913999855518341,0.2885499894618988,0.28984999656677246,0
2010-06-03,0.29120001196861267,0.29120001196861267,0.28929999470710754,0.28975000977516174,0
2010-06-04,0.2915000021457672,0.29159998893737793,0.28929999470710754,0.28975000977516174,0
2010-06-07,0.29319998621940613,0.2932499945163727,0.28738000988960266,0.2917500138282776,0
2010-06-08,0.2928999960422516,0.2928999960422516,0.28744998574256897,0.29190000891685486,0
2010-06-09,0.29249998927116394,0.29249998927116394,0.2885499894618988,0.2915000021457672,0
2010-06-10,0.2885499894618988,0.29249998927116394,0.2885499894618988,0.2909500002861023,0
2010-06-11,0.2912999987602234,0.2912999987602234,0.2885499894618988,0.2906300127506256,0
2010-06-14,0.29205000400543213,0.29205000400543213,0.2867000102996826,0.2867000102996826,0
2010-06-15,0.2917500138282776,0.29179999232292175,0.28929999470710754,0.2903499901294708,0
2010-06-16,0.2913999855518341,0.2916800081729889,0.2895500063896179,0.290149986743927,0
2010-06-17,0.29159998893737793,0.29159998893737793,0.28949999809265137,0.2900499999523163,0
2010-06-18,0.2885499894618988,0.29120001196861267,0.2885499894618988,0.28975000977516174,0
2010-06-21,0.29124999046325684,0.2913999855518341,0.28744998574256897,0.28744998574256897,0
2010-06-22,0.2885499894618988,0.29155001044273376,0.2885499894618988,0.28975000977516174,0
2010-06-23,0.29010000824928284,0.29155001044273376,0.28949999809265137,0.2895500063896179,0
2010-06-24,0.2913999855518341,0.2944299876689911,0.2885499894618988,0.28929999470710754,0
2010-06-25,0.29120001196861267,0.29120001196861267,0.2885499894618988,0.2885499894618988,0
2010-06-28,0.29074999690055847,0.290800005197525,0.2867000102996826,0.2867000102996826,0
2010-06-29,0.29120001196861267,0.29120001196861267,0.2867000102996826,0.2867000102996826,0
2010-06-30,0.29120001196861267,0.29124999046325684,0.2885499894618988,0.2902500033378601,0
2010-07-01,0.29074999690055847,0.290800005197525,0.28905001282691956,0.2900499999523163,0
2010-07-02,0.28929999470710754,0.2906000018119812,0.2888999879360199,0.2895500063896179,0
2010-07-05,0.28804999589920044,0.28999999165534973,0.28738000988960266,0.28824999928474426,0
2010-07-06,0.28999999165534973,0.29010000824928284,0.28804999589920044,0.2895500063896179,0
2010-07-07,0.28999999165534973,0.29010000824928284,0.2879999876022339,0.288349986076355,0
2010-07-08,0.28940001130104065,0.28999999165534973,0.28780001401901245,0.28780001401901245,0
2010-07-09,0.28940001130104065,0.28999999165534973,0.28790000081062317,0.2895500063896179,0
2010-07-12,0.28804999589920044,0.28999999165534973,0.28744998574256897,0.28824999928474426,0
2010-07-13,0.2897000014781952,0.28975000977516174,0.28762999176979065,0.28824999928474426,0
2010-07-14,0.289249986410141,0.28999999165534973,0.2873300015926361,0.28804999589920044,0
2010-07-15,0.2887499928474426,0.28999999165534973,0.28700000047683716,0.28734999895095825,0
2010-07-16,0.2895500063896179,0.28999999165534973,0.28679999709129333,0.2875500023365021,0
2010-07-19,0.28824999928474426,0.28850001096725464,0.28644999861717224,0.28744998574256897,0
2010-07-20,0.2879999876022339,0.28804999589920044,0.2863999903202057,0.28672000765800476,0
2010-07-21,0.287090003490448,0.2883000075817108,0.2867000102996826,0.2867000102996826,0
2010-07-22,0.28850001096725464,0.28850001096725464,0.2860499918460846,0.28720998764038086,0
2010-07-23,0.28554999828338623,0.28850001096725464,0.28554999828338623,0.28690001368522644,0
2010-07-26,0.2865299880504608,0.2884500026702881,0.2860499918460846,0.2867699861526489,0
2010-07-27,0.2863200008869171,0.2877500057220459,0.2859500050544739,0.2862299978733063,0
2010-07-28,0.2875500023365021,0.2875500023365021,0.2860499918460846,0.2862499952316284,0
2010-07-29,0.2860499918460846,0.2877500057220459,0.2847500145435333,0.28613999485969543,0
2010-07-30,0.2874000072479248,0.2874999940395355,0.2858000099658966,0.2860499918460846,0
2010-08-02,0.28519999980926514,0.28690001368522644,0.28518998622894287,0.28575998544692993,0
2010-08-03,0.28499001264572144,0.28690001368522644,0.28360000252723694,0.28532999753952026,0
2010-08-04,0.28499001264572144,0.28610000014305115,0.2843100130558014,0.2847999930381775,0
2010-08-05,0.2862499952316284,0.28690001368522644,0.28433001041412354,0.2851699888706207,0
2010-08-06,0.2852199971675873,0.28690001368522644,0.28453001379966736,0.28610000014305115,0
2010-08-09,0.2846199870109558,0.28610000014305115,0.2841799855232239,0.2846199870109558,0
2010-08-10,0.2845099866390228,0.2854900062084198,0.2839300036430359,0.2850399911403656,0
2010-08-11,0.28654998540878296,0.2865000069141388,0.2848300039768219,0.2854500114917755,0
2010-08-12,0.2870500087738037,0.287200003862381,0.28453999757766724,0.2856999933719635,0
2010-08-13,0.28725001215934753,0.2867499887943268,0.2851000130176544,0.2862499952316284,0
2010-08-16,0.2863200008869171,0.28700000047683716,0.2851000130176544,0.2862299978733063,0
2010-08-17,0.2863999903202057,0.2864699959754944,0.28407999873161316,0.28613999485969543,0
2010-08-18,0.2842000126838684,0.2863999903202057,0.2851000130176544,0.28637000918388367,0
2010-08-19,0.28626999258995056,0.2866399884223938,0.2851000130176544,0.2863900065422058,0
2010-08-20,0.2864300012588501,0.2869400084018707,0.2851000130176544,0.2866100072860718,0
2010-08-23,0.2869400084018707,0.2884500026702881,0.2851000130176544,0.28707000613212585,0
2010-08-24,0.28654998540878296,0.28738000988960266,0.2854500114917755,0.28654998540878296,0
2010-08-25,0.28700000047683716,0.28727999329566956,0.2865999937057495,0.28725001215934753,0
2010-08-26,0.2870500087738037,0.28727999329566956,0.28610000014305115,0.2868199944496155,0
2010-08-27,0.28654998540878296,0.28690001368522644,0.2860499918460846,0.28679999709129333,0
2010-08-30,0.2860499918460846,0.2884500026702881,0.2865000069141388,0.28679001331329346,0
2010-08-31,0.28654998540878296,0.288100004196167,0.28610000014305115,0.28714001178741455,0
2010-09-01,0.2869099974632263,0.2868100106716156,0.2860499918460846,0.2868100106716156,0
2010-09-02,0.2877500057220459,0.28780001401901245,0.2860499918460846,0.2865000069141388,0
2010-09-03,0.2877500057220459,0.28790000081062317,0.2845799922943115,0.2845799922943115,0
2010-09-06,0.2865999937057495,0.2884500026702881,0.2854500114917755,0.28595998883247375,0
2010-09-07,0.28554999828338623,0.28780001401901245,0.28554999828338623,0.28630000352859497,0
2010-09-08,0.2877500057220459,0.28780001401901245,0.2860499918460846,0.28648999333381653,0
2010-09-09,0.28780001401901245,0.2868799865245819,0.2860499918460846,0.2863999903202057,0
2010-09-10,0.2860499918460846,0.28665000200271606,0.2860499918460846,0.28665000200271606,0
2010-09-13,0.2860499918460846,0.2884500026702881,0.2860499918460846,0.28744998574256897,0
2010-09-14,0.28760001063346863,0.28744998574256897,0.28540000319480896,0.2860099971294403,0
2010-09-15,0.2872999906539917,0.2870500087738037,0.28540000319480896,0.2856999933719635,0
2010-09-16,0.28700000047683716,0.2867799997329712,0.2854500114917755,0.28571000695228577,0
2010-09-17,0.28700000047683716,0.28679999709129333,0.2845799922943115,0.2845799922943115,0
2010-09-20,0.28547999262809753,0.28744998574256897,0.28505000472068787,0.2854599952697754,0
2010-09-21,0.28690001368522644,0.28679999709129333,0.28505000472068787,0.28547999262809753,0
2010-09-22,0.2868500053882599,0.28610000014305115,0.28404998779296875,0.2850300073623657,0
2010-09-23,0.28600001335144043,0.28610000014305115,0.2835499942302704,0.284280002117157,0
2010-09-24,0.2856000065803528,0.28610000014305115,0.2840999960899353,0.2856000065803528,0
2010-09-27,0.28610000014305115,0.28610000014305115,0.283050000667572,0.2836099863052368,0
2010-09-28,0.28554999828338623,0.28610000014305115,0.283050000667572,0.2836399972438812,0
2010-09-29,0.2849000096321106,0.28459998965263367,0.28290000557899475,0.28327998518943787,0
2010-09-30,0.28439998626708984,0.2845799922943115,0.28255000710487366,0.2845799922943115,0
2010-10-01,0.2833400070667267,0.2840999960899353,0.28255000710487366,0.283270001411438,0
2010-10-04,0.2829200029373169,0.28314998745918274,0.2820500135421753,0.2820500135421753,0
2010-10-05,0.28439998626708984,0.2838999927043915,0.2820500135421753,0.28268998861312866,0
2010-10-06,0.28369998931884766,0.28290000557899475,0.2809000015258789,0.2820099890232086,0
2010-10-07,0.28279998898506165,0.2824999988079071,0.2805500030517578,0.2813299894332886,0
2010-10-08,0.2828499972820282,0.28200000524520874,0.28075000643730164,0.28125,0
2010-10-11,0.28075000643730164,0.2822999954223633,0.2805500030517578,0.28095999360084534,0
2010-10-12,0.28084999322891235,0.2825999855995178,0.2805500030517578,0.2812899947166443,0
2010-10-13,0.2822999954223633,0.2824000120162964,0.2805500030517578,0.28088998794555664,0
2010-10-14,0.2822999954223633,0.2815999984741211,0.2797999978065491,0.28025001287460327,0
2010-10-15,0.28005000948905945,0.2800000011920929,0.27904999256134033,0.2800000011920929,0
2010-10-18,0.27994999289512634,0.28189998865127563,0.2797999978065491,0.28068000078201294,0
2010-10-19,0.2816999852657318,0.28130000829696655,0.2797999978065491,0.2805800139904022,0
2010-10-20,0.2809399962425232,0.2816999852657318,0.2797999978065491,0.2809399962425232,0
2010-10-21,0.2815999984741211,0.28154999017715454,0.2798900008201599,0.28018999099731445,0
2010-10-22,0.2814500033855438,0.2806999981403351,0.2793000042438507,0.28025001287460327,0
2010-10-25,0.2793000042438507,0.28001001477241516,0.27959999442100525,0.27994999289512634,0
2010-10-26,0.2810499966144562,0.28125,0.27970001101493835,0.27990999817848206,0
2010-10-27,0.28119999170303345,0.28044000267982483,0.2797999978065491,0.2803399860858917,0
2010-10-28,0.28174999356269836,0.28125,0.2793799936771393,0.28016000986099243,0
2010-10-29,0.28119999170303345,0.2802000045776367,0.27963998913764954,0.27963998913764954,0
2010-11-01,0.27970999479293823,0.28125,0.27884000539779663,0.2788600027561188,0
2010-11-02,0.28060001134872437,0.28049999475479126,0.2779400050640106,0.2791999876499176,0
2010-11-03,0.2805500030517578,0.2793000042438507,0.278219997882843,0.2788099944591522,0
2010-11-04,0.2788600027561188,0.2800999879837036,0.2777400016784668,0.2788600027561188,0
2010-11-05,0.2783200144767761,0.2793000042438507,0.27785998582839966,0.27838000655174255,0
2010-11-08,0.2787500023841858,0.2791300117969513,0.27827998995780945,0.2789900004863739,0
2010-11-09,0.28029999136924744,0.27915000915527344,0.2783699929714203,0.27904999256134033,0
2010-11-10,0.28025001287460327,0.28049999475479126,0.2776300013065338,0.27908000349998474,0
2010-11-11,0.2809999883174896,0.27950000762939453,0.27873000502586365,0.2791000008583069,0
2010-11-12,0.2793000042438507,0.2797499895095825,0.2791000008583069,0.27941998839378357,0
2010-11-15,0.27911999821662903,0.2809999883174896,0.27900001406669617,0.27911999821662903,0
2010-11-16,0.2809999883174896,0.280129998922348,0.279449999332428,0.2796800136566162,0
2010-11-17,0.28125,0.280349999666214,0.2797299921512604,0.28001999855041504,0
2010-11-18,0.28119999170303345,0.28125,0.27955999970436096,0.2797900140285492,0
2010-11-19,0.28125,0.2813499867916107,0.2793000042438507,0.27959999442100525,0
2010-11-22,0.2797299921512604,0.2797999978065491,0.27900001406669617,0.27900001406669617,0
2010-11-23,0.279229998588562,0.28119999170303345,0.27928999066352844,0.2793799936771393,0
2010-11-24,0.28110000491142273,0.28139999508857727,0.2795400023460388,0.28125,0
2010-11-25,0.2814500033855438,0.2805199921131134,0.2797499895095825,0.2797499895095825,0
2010-11-26,0.28001999855041504,0.2818000018596649,0.2800999879837036,0.28029000759124756,0
2010-11-29,0.2816999852657318,0.2810800075531006,0.28014999628067017,0.28060999512672424,0
2010-11-30,0.28200000524520874,0.2815600037574768,0.2808000147342682,0.281139999628067,0
2010-12-01,0.2825999855995178,0.28137001395225525,0.2808000147342682,0.28115999698638916,0
2010-12-02,0.2825999855995178,0.28255000710487366,0.2807900011539459,0.28108999133110046,0
2010-12-03,0.2824000120162964,0.2822999954223633,0.2800000011920929,0.2807199954986572,0
2010-12-06,0.2800300121307373,0.28119999170303345,0.27970001101493835,0.27970001101493835,0
2010-12-07,0.28125,0.28130000829696655,0.2798199951648712,0.2800700068473816,0
2010-12-08,0.28119999170303345,0.28200000524520874,0.2803100049495697,0.2803899943828583,0
2010-12-09,0.28209999203681946,0.28139999508857727,0.2806999981403351,0.2806999981403351,0
2010-12-10,0.28209999203681946,0.28200000524520874,0.28064000606536865,0.2806900143623352,0
2010-12-13,0.28209999203681946,0.28200000524520874,0.28011998534202576,0.28075000643730164,0
2010-12-14,0.28189998865127563,0.28200000524520874,0.27943000197410583,0.2800999879837036,0
2010-12-15,0.28174999356269836,0.2809999883174896,0.2789500057697296,0.2805899977684021,0
2010-12-16,0.2803199887275696,0.28119999170303345,0.28022998571395874,0.2809999883174896,0
2010-12-17,0.28174999356269836,0.28125,0.280239999294281,0.2803100049495697,0
2010-12-20,0.2808000147342682,0.2812899947166443,0.2799000144004822,0.2806600034236908,0
2010-12-21,0.2824999988079071,0.2822999954223633,0.2806699872016907,0.2809399962425232,0
2010-12-22,0.2822999954223633,0.2813900113105774,0.2809099853038788,0.281139999628067,0
2010-12-23,0.2827000021934509,0.2820500135421753,0.2808000147342682,0.28088998794555664,0
2010-12-24,0.28209999203681946,0.2811099886894226,0.2811099886894226,0.2811099886894226,0
2010-12-27,0.28235000371932983,0.2809399962425232,0.2798500061035156,0.2807599902153015,0
2010-12-28,0.2808400094509125,0.2808000147342682,0.27935001254081726,0.28042998909950256,0
2010-12-29,0.28060999512672424,0.28082001209259033,0.27970001101493835,0.2806900143623352,0
2010-12-30,0.28189998865127563,0.2815999984741211,0.2791000008583069,0.28016000986099243,0
2010-12-31,0.28189998865127563,0.28165000677108765,0.2791000008583069,0.28016000986099243,0
2011-01-03,0.2801699936389923,0.2802000045776367,0.27922001481056213,0.2796100080013275,0
2011-01-04,0.2809999883174896,0.2809999883174896,0.2791999876499176,0.27967000007629395,0
2011-01-05,0.27963998913764954,0.28119999170303345,0.2796500027179718,0.2796599864959717,0
2011-01-06,0.28110000491142273,0.2806200087070465,0.2797499895095825,0.28036999702453613,0
2011-01-07,0.28125,0.2809099853038788,0.2804200053215027,0.2807900011539459,0
2011-01-10,0.2808699905872345,0.2822999954223633,0.28049999475479126,0.28112998604774475,0
2011-01-11,0.28220000863075256,0.28110000491142273,0.2806299924850464,0.2808299958705902,0
2011-01-12,0.28088000416755676,0.28110000491142273,0.28060999512672424,0.28088000416755676,0
2011-01-13,0.28060999512672424,0.28139999508857727,0.2795700132846832,0.2802099883556366,0
2011-01-14,0.2815000116825104,0.28014999628067017,0.2791599929332733,0.2794100046157837,0
2011-01-17,0.27955999970436096,0.2808000147342682,0.27880001068115234,0.27946001291275024,0
2011-01-18,0.28075000643730164,0.28040000796318054,0.27880001068115234,0.27935999631881714,0
2011-01-19,0.28040000796318054,0.2795499861240387,0.2782500088214874,0.27869999408721924,0
2011-01-20,0.2800000011920929,0.2791999876499176,0.2782500088214874,0.2788600027561188,0
2011-01-21,0.27908000349998474,0.27897998690605164,0.2788200080394745,0.2789100110530853,0
2011-01-24,0.2787100076675415,0.27897998690605164,0.2777999937534332,0.2784300148487091,0
2011-01-25,0.2796500027179718,0.2796500027179718,0.2775000035762787,0.27818000316619873,0
2011-01-26,0.27959999442100525,0.2786000072956085,0.2779499888420105,0.27816998958587646,0
2011-01-27,0.27950000762939453,0.2782599925994873,0.27730000019073486,0.27803999185562134,0
2011-01-28,0.2781299948692322,0.2781499922275543,0.2781499922275543,0.2781499922275543,0
2011-01-31,0.27847999334335327,0.27959999442100525,0.2775999903678894,0.2788099944591522,0
2011-02-01,0.2797999978065491,0.2793000042438507,0.27783000469207764,0.2780900001525879,0
2011-02-02,0.27924999594688416,0.27810001373291016,0.27649998664855957,0.27649998664855957,0
2011-02-03,0.27924999594688416,0.2788499891757965,0.27674999833106995,0.2778500020503998,0
2011-02-04,0.27950000762939453,0.2788800001144409,0.27834999561309814,0.27834999561309814,0
2011-02-07,0.2786499857902527,0.2796500027179718,0.2777499854564667,0.2785800099372864,0
2011-02-08,0.2796500027179718,0.2788499891757965,0.2777499854564667,0.27854999899864197,0
2011-02-09,0.27970001101493835,0.2799000144004822,0.2773999869823456,0.2785399854183197,0
2011-02-10,0.2799000144004822,0.27970001101493835,0.27764999866485596,0.27849000692367554,0
2011-02-11,0.27970001101493835,0.2788600027561188,0.27865999937057495,0.27865999937057495,0
2011-02-14,0.2788600027561188,0.2793099880218506,0.2784999907016754,0.27884000539779663,0
2011-02-15,0.2800000011920929,0.27924999594688416,0.2787199914455414,0.2789900004863739,0
2011-02-16,0.27950000762939453,0.27924999594688416,0.2785399854183197,0.27862000465393066,0
2011-02-17,0.2797999978065491,0.27924999594688416,0.27854999899864197,0.2788800001144409,0
2011-02-18,0.2797999978065491,0.28029999136924744,0.2784000039100647,0.2788800001144409,0
2011-02-21,0.27904999256134033,0.2788499891757965,0.27792999148368835,0.2782000005245209,0
2011-02-22,0.27924999594688416,0.2788499891757965,0.2780799865722656,0.27827000617980957,0
2011-02-23,0.2791999876499176,0.27814000844955444,0.2771500051021576,0.27814000844955444,0
2011-02-24,0.2791000008583069,0.2787500023841858,0.27674999833106995,0.27768000960350037,0
2011-02-25,0.2782900035381317,0.2784999907016754,0.27790001034736633,0.2782000005245209,0
2011-02-28,0.2786000072956085,0.27827998995780945,0.27772000432014465,0.27827998995780945,0
2011-03-01,0.2780500054359436,0.2780500054359436,0.27761998772621155,0.2780500054359436,0
2011-03-02,0.27799999713897705,0.27810001373291016,0.27761998772621155,0.2778500020503998,0
2011-03-03,0.27810001373291016,0.27755001187324524,0.2773999869823456,0.2774699926376343,0
2011-03-04,0.27790001034736633,0.2777499854564667,0.27737998962402344,0.27737998962402344,0
2011-03-07,0.2777499854564667,0.27764999866485596,0.27709999680519104,0.27724000811576843,0
2011-03-08,0.2775999903678894,0.27755001187324524,0.27720001339912415,0.27720001339912415,0
2011-03-09,0.27799999713897705,0.2777799963951111,0.2775000035762787,0.2777799963951111,0
2011-03-10,0.2775999903678894,0.27788999676704407,0.2775999903678894,0.2778399884700775,0
2011-03-11,0.27788999676704407,0.2777000069618225,0.27737998962402344,0.27737998962402344,0
2011-03-14,0.2777000069618225,0.27799999713897705,0.2776699960231781,0.2776699960231781,0
2011-03-15,0.2780500054359436,0.2778800129890442,0.2772499918937683,0.2776699960231781,0
2011-03-16,0.27799999713897705,0.2777000069618225,0.2770499885082245,0.2775700092315674,0
2011-03-17,0.2775000035762787,0.2777099907398224,0.27682000398635864,0.27715998888015747,0
2011-03-18,0.27720001339912415,0.2777000069618225,0.27654001116752625,0.27671998739242554,0
2011-03-21,0.276529997587204,0.27709999680519104,0.276309996843338,0.276529997587204,0
2011-03-22,0.27709999680519104,0.2766999900341034,0.2759999930858612,0.2763499915599823,0
2011-03-23,0.276419997215271,0.2768299877643585,0.2762500047683716,0.2764900028705597,0
2011-03-24,0.27674999833106995,0.27715998888015747,0.27667000889778137,0.27715998888015747,0
2011-03-25,0.27709999680519104,0.2768999934196472,0.2765499949455261,0.2768999934196472,0
2011-03-28,0.2765499949455261,0.2773599922657013,0.2765499949455261,0.2765499949455261,0
2011-03-29,0.2772499918937683,0.2777000069618225,0.2768099904060364,0.2768099904060364,0
2011-03-30,0.2773500084877014,0.2775000035762787,0.2768999934196472,0.27691999077796936,0
2011-03-31,0.2773999869823456,0.2773999869823456,0.2762500047683716,0.27709999680519104,0
2011-04-01,0.2775000035762787,0.2777000069618225,0.2768099904060364,0.2768099904060364,0
2011-04-04,0.2767300009727478,0.27764999866485596,0.276529997587204,0.27682000398635864,0
2011-04-05,0.2768299877643585,0.27730000019073486,0.2766999900341034,0.2768299877643585,0
2011-04-06,0.2770000100135803,0.27663999795913696,0.27663999795913696,0.27663999795913696,0
2011-04-07,0.2768000066280365,0.27713000774383545,0.2762500047683716,0.27663999795913696,0
2011-04-08,0.27674999833106995,0.2766000032424927,0.27628999948501587,0.2765600085258484,0
2011-04-11,0.27619001269340515,0.27684998512268066,0.2757999897003174,0.27628999948501587,0
2011-04-12,0.2766000032424927,0.27684998512268066,0.2759000062942505,0.2763899862766266,0
2011-04-13,0.2761699855327606,0.2766000032424927,0.2756499946117401,0.2766000032424927,0
2011-04-14,0.2761000096797943,0.27684998512268066,0.2756499946117401,0.2759599983692169,0
2011-04-18,0.27612000703811646,0.2765200138092041,0.2757500112056732,0.2761000096797943,0
2011-04-19,0.27639999985694885,0.27684998512268066,0.2761000096797943,0.27630001306533813,0
2011-04-20,0.27639999985694885,0.2758899927139282,0.2756800055503845,0.2758899927139282,0
2011-04-21,0.2756800055503845,0.2762500047683716,0.27522000670433044,0.2756800055503845,0
2011-04-22,0.2756800055503845,0.2762500047683716,0.27522000670433044,0.2756800055503845,0
2011-04-25,0.2755500078201294,0.2755500078201294,0.2755500078201294,0.2755500078201294,0
2011-04-26,0.2755500078201294,0.2762500047683716,0.2749499976634979,0.2749499976634979,0
2011-04-27,0.27549999952316284,0.2762500047683716,0.27434998750686646,0.2749600112438202,0
2011-04-28,0.2752000093460083,0.27489998936653137,0.2736999988555908,0.27469000220298767,0
2011-04-29,0.2741999924182892,0.27410000562667847,0.2737500071525574,0.2738499939441681,0
2011-05-02,0.27399998903274536,0.2746500074863434,0.27364999055862427,0.274150013923645,0
2011-05-03,0.27364999055862427,0.2746500074863434,0.2737500071525574,0.2739799916744232,0
2011-05-04,0.2743000090122223,0.2744700014591217,0.2737500071525574,0.2737500071525574,0
2011-05-05,0.27410000562667847,0.2746500074863434,0.2733300030231476,0.27364999055862427,0
2011-05-06,0.2743000090122223,0.27480000257492065,0.27399998903274536,0.27399998903274536,0
2011-05-09,0.2746500074863434,0.2762500047683716,0.27459999918937683,0.27480998635292053,0
2011-05-10,0.2750000059604645,0.2762500047683716,0.2746700048446655,0.27487000823020935,0
2011-05-11,0.2750000059604645,0.2750999927520752,0.2745000123977661,0.2750000059604645,0
2011-05-12,0.2750999927520752,0.2762500047683716,0.2746500074863434,0.2749499976634979,0
2011-05-13,0.2754000127315521,0.2762500047683716,0.2746500074863434,0.27515000104904175,0
2011-05-16,0.27549999952316284,0.2762500047683716,0.27505001425743103,0.2756499946117401,0
2011-05-17,0.2759999930858612,0.2762500047683716,0.27505001425743103,0.2755599915981293,0
2011-05-18,0.2759000062942505,0.2762500047683716,0.27469998598098755,0.27559998631477356,0
2011-05-19,0.2757999897003174,0.2762500047683716,0.274150013923645,0.27549999952316284,0
2011-05-20,0.2757500112056732,0.2762500047683716,0.2750999927520752,0.2753799855709076,0
2011-05-23,0.27549999952316284,0.27649998664855957,0.2754499912261963,0.27584999799728394,0
2011-05-24,0.2762500047683716,0.2762500047683716,0.27559998631477356,0.27559998631477356,0
2011-05-25,0.2761000096797943,0.27630001306533813,0.27505001425743103,0.27595001459121704,0
2011-05-26,0.27630001306533813,0.2762500047683716,0.27505001425743103,0.2759000062942505,0
2011-05-27,0.2757500112056732,0.2762500047683716,0.27524998784065247,0.2754000127315521,0
2011-05-30,0.27524998784065247,0.2746799886226654,0.27425000071525574,0.2746799886226654,0
2011-05-31,0.27425000071525574,0.2762500047683716,0.2740499973297119,0.27430999279022217,0
2011-06-01,0.2745000123977661,0.27535998821258545,0.27399998903274536,0.2745499908924103,0
2011-06-02,0.27480000257492065,0.27505001425743103,0.27439001202583313,0.2745499908924103,0
2011-06-03,0.2750000059604645,0.2750000059604645,0.2743000090122223,0.27480000257492065,0
2011-06-06,0.2750000059604645,0.2750000059604645,0.2730500102043152,0.2750000059604645,0
2011-06-07,0.2740499973297119,0.27410000562667847,0.2736299932003021,0.2736299932003021,0
2011-06-08,0.27399998903274536,0.2747499942779541,0.2729499936103821,0.2737500071525574,0
2011-06-09,0.27399998903274536,0.2745000123977661,0.273250013589859,0.2736999988555908,0
2011-06-10,0.27399998903274536,0.27425000071525574,0.2737500071525574,0.27379998564720154,0
2011-06-13,0.27410000562667847,0.2745499908924103,0.27364999055862427,0.27410000562667847,0
2011-06-14,0.2745000123977661,0.2745000123977661,0.273499995470047,0.27445000410079956,0
2011-06-15,0.27399998903274536,0.2750000059604645,0.2739500105381012,0.27399998903274536,0
2011-06-16,0.27459999918937683,0.2762500047683716,0.27390000224113464,0.27483999729156494,0
2011-06-17,0.27524998784065247,0.2750000059604645,0.27390000224113464,0.2748500108718872,0
2011-06-20,0.27469998598098755,0.27505001425743103,0.2740499973297119,0.27469998598098755,0
2011-06-21,0.2745000123977661,0.27505001425743103,0.2736999988555908,0.27425000071525574,0
2011-06-22,0.2741999924182892,0.27505001425743103,0.27364999055862427,0.2739199995994568,0
2011-06-23,0.274150013923645,0.27505001425743103,0.27399998903274536,0.27425000071525574,0
2011-06-24,0.27489998936653137,0.27489998936653137,0.27425000071525574,0.27425000071525574,0
2011-06-27,0.2747499942779541,0.2750999927520752,0.27425000071525574,0.2747499942779541,0
2011-06-28,0.27469998598098755,0.27505001425743103,0.27399998903274536,0.27425000071525574,0
2011-06-29,0.2745000123977661,0.27505001425743103,0.2736999988555908,0.27428001165390015,0
2011-06-30,0.2746500074863434,0.27505001425743103,0.2733500003814697,0.27425000071525574,0
2011-07-01,0.27410000562667847,0.2741999924182892,0.2734000086784363,0.2736299932003021,0
2011-07-04,0.27399998903274536,0.2747499942779541,0.27300000190734863,0.27366000413894653,0
2011-07-05,0.2736999988555908,0.2747499942779541,0.2732999920845032,0.2736999988555908,0
2011-07-06,0.27410000562667847,0.2747499942779541,0.2732999920845032,0.27373000979423523,0
2011-07-07,0.27425000071525574,0.2745499908924103,0.27338001132011414,0.27379998564720154,0
2011-07-08,0.274399995803833,0.27425000071525574,0.2737500071525574,0.2741999924182892,0
2011-07-11,0.2737500071525574,0.27476000785827637,0.2737500071525574,0.2737500071525574,0
2011-07-12,0.274399995803833,0.27535000443458557,0.274150013923645,0.274150013923645,0
2011-07-13,0.275299996137619,0.2749499976634979,0.27399998903274536,0.2749499976634979,0
2011-07-14,0.27489998936653137,0.27417999505996704,0.2732999920845032,0.2738499939441681,0
2011-07-15,0.27379998564720154,0.2746500074863434,0.2737500071525574,0.2737500071525574,0
2011-07-18,0.273499995470047,0.2747499942779541,0.2738499939441681,0.27434998750686646,0
2011-07-19,0.27434998750686646,0.2743299901485443,0.2737500071525574,0.2737500071525574,0
2011-07-20,0.2743000090122223,0.2745000123977661,0.27399998903274536,0.2745000123977661,0
2011-07-21,0.27410000562667847,0.27399998903274536,0.27305999398231506,0.2737500071525574,0
2011-07-22,0.273250013589859,0.2736999988555908,0.2727999985218048,0.2730399966239929,0
2011-07-25,0.2731499969959259,0.2762500047683716,0.27265000343322754,0.2731499969959259,0
2011-07-26,0.273250013589859,0.27300000190734863,0.2720000147819519,0.27300000190734863,0
2011-07-27,0.2722499966621399,0.272599995136261,0.27184998989105225,0.27233999967575073,0
2011-07-28,0.27239999175071716,0.273250013589859,0.27219998836517334,0.2726300060749054,0
2011-07-29,0.273250013589859,0.27303001284599304,0.2722499966621399,0.2729499936103821,0
2011-08-01,0.2726700007915497,0.27298998832702637,0.271699994802475,0.27222999930381775,0
2011-08-02,0.27298998832702637,0.2729099988937378,0.27230000495910645,0.2727299928665161,0
2011-08-03,0.27250000834465027,0.27296000719070435,0.2721000015735626,0.2727299928665161,0
2011-08-04,0.27230000495910645,0.273499995470047,0.27230000495910645,0.27230000495910645,0
2011-08-05,0.27300000190734863,0.273499995470047,0.27250000834465027,0.27300000190734863,0
2011-08-08,0.2728799879550934,0.27300000190734863,0.27175000309944153,0.2728799879550934,0
2011-08-09,0.27204999327659607,0.272599995136261,0.2720000147819519,0.27254998683929443,0
2011-08-10,0.27239999175071716,0.2724500000476837,0.2716499865055084,0.27239999175071716,0
2011-08-11,0.27219998836517334,0.27274999022483826,0.27195000648498535,0.27250000834465027,0
2011-08-12,0.2724500000476837,0.27274999022483826,0.2724500000476837,0.2724500000476837,0
2011-08-15,0.27250000834465027,0.2726300060749054,0.27195000648498535,0.2721799910068512,0
2011-08-16,0.2726300060749054,0.2726300060749054,0.2716499865055084,0.2726300060749054,0
2011-08-17,0.2722499966621399,0.2719799876213074,0.2716499865055084,0.2718999981880188,0
2011-08-18,0.2720000147819519,0.27250000834465027,0.2715499997138977,0.2718299925327301,0
2011-08-19,0.27239999175071716,0.27250000834465027,0.27184998989105225,0.27195000648498535,0
2011-08-22,0.2722499966621399,0.27230000495910645,0.2716499865055084,0.2719700038433075,0
2011-08-23,0.27230000495910645,0.2720000147819519,0.2717199921607971,0.2719399929046631,0
2011-08-24,0.27219998836517334,0.27230000495910645,0.2715499997138977,0.27184998989105225,0
2011-08-25,0.2722499966621399,0.2722499966621399,0.2718999981880188,0.2718999981880188,0
2011-08-26,0.27219998836517334,0.2722499966621399,0.2720000147819519,0.2720000147819519,0
2011-08-29,0.2719799876213074,0.2722499966621399,0.27129998803138733,0.2719799876213074,0
2011-08-30,0.2716499865055084,0.2722499966621399,0.27149999141693115,0.27175000309944153,0
2011-08-31,0.2720000147819519,0.2722499966621399,0.27175000309944153,0.2722499966621399,0
2011-09-01,0.271699994802475,0.27230000495910645,0.27175000309944153,0.27175000309944153,0
2011-09-02,0.2722499966621399,0.2721500098705292,0.2718999981880188,0.2720000147819519,0
2011-09-05,0.2721000015735626,0.27320000529289246,0.27230000495910645,0.2725600004196167,0
2011-09-06,0.2729499936103821,0.2736000120639801,0.2718999981880188,0.27285999059677124,0
2011-09-07,0.273499995470047,0.2734200060367584,0.2731800079345703,0.2733500003814697,0
2011-09-08,0.273499995470047,0.2741999924182892,0.27300000190734863,0.2735700011253357,0
2011-09-09,0.2737500071525574,0.2745800018310547,0.2737500071525574,0.2739599943161011,0
2011-09-12,0.2745800018310547,0.27553999423980713,0.2745800018310547,0.2745800018310547,0
2011-09-13,0.2753100097179413,0.2762500047683716,0.2746500074863434,0.2748199999332428,0
2011-09-14,0.2750999927520752,0.2762500047683716,0.2745000123977661,0.27505001425743103,0
2011-09-15,0.27524998784065247,0.2762500047683716,0.27425000071525574,0.2749300003051758,0
2011-09-16,0.27489998936653137,0.27489998936653137,0.27399998903274536,0.27399998903274536,0
2011-09-19,0.27489998936653137,0.2762500047683716,0.2745000123977661,0.2750000059604645,0
2011-09-20,0.2751699984073639,0.2762500047683716,0.27489998936653137,0.27542999386787415,0
2011-09-21,0.2757999897003174,0.27549999952316284,0.2745000123977661,0.27498000860214233,0
2011-09-22,0.27515000104904175,0.2770499885082245,0.27489998936653137,0.2762500047683716,0
2011-09-23,0.2766200006008148,0.27684998512268066,0.2764100134372711,0.27674999833106995,0
2011-09-26,0.2764100134372711,0.2775599956512451,0.27549999952316284,0.27678000926971436,0
2011-09-27,0.2775000035762787,0.27660998702049255,0.2757500112056732,0.276419997215271,0
2011-09-28,0.27649998664855957,0.27649998664855957,0.2752000093460083,0.27623000741004944,0
2011-09-29,0.27649998664855957,0.2762500047683716,0.2747499942779541,0.27590999007225037,0
2011-09-30,0.2759999930858612,0.27674999833106995,0.27584999799728394,0.2759999930858612,0
2011-10-03,0.2766999900341034,0.2770000100135803,0.2761499881744385,0.27695000171661377,0
2011-10-04,0.2770000100135803,0.27737998962402344,0.2763499915599823,0.2769399881362915,0
2011-10-05,0.2771199941635132,0.2772499918937683,0.27630001306533813,0.2770099937915802,0
2011-10-06,0.2771500051021576,0.2775999903678894,0.2762500047683716,0.27702999114990234,0
2011-10-07,0.2775999903678894,0.2764900028705597,0.2759999930858612,0.2764799892902374,0
2011-10-10,0.2762700021266937,0.27665001153945923,0.2756499946117401,0.27616000175476074,0
2011-10-11,0.2757599949836731,0.2762500047683716,0.27505001425743103,0.2756499946117401,0
2011-10-12,0.2756600081920624,0.2762500047683716,0.27515000104904175,0.2756899893283844,0
2011-10-13,0.2755500078201294,0.2762500047683716,0.27445000410079956,0.2752099931240082,0
2011-10-14,0.2759999930858612,0.2757500112056732,0.2749499976634979,0.2752099931240082,0
2011-10-17,0.2749499976634979,0.2761499881744385,0.2749499976634979,0.2749499976634979,0
2011-10-18,0.27524998784065247,0.2757500112056732,0.27445000410079956,0.27524998784065247,0
2011-10-19,0.275519996881485,0.2755500078201294,0.27445000410079956,0.2752000093460083,0
2011-10-20,0.27535000443458557,0.2762500047683716,0.27469998598098755,0.275519996881485,0
2011-10-21,0.27524998784065247,0.2762500047683716,0.2750000059604645,0.27524998784065247,0
2011-10-24,0.27524998784065247,0.27535998821258545,0.2738499939441681,0.2745499908924103,0
2011-10-25,0.2751300036907196,0.27535998821258545,0.27364999055862427,0.27458998560905457,0
2011-10-26,0.2745000123977661,0.27535998821258545,0.27360999584198,0.2743400037288666,0
2011-10-27,0.27465999126434326,0.2745000123977661,0.27344000339508057,0.27399998903274536,0
2011-10-28,0.2737500071525574,0.2738800048828125,0.2733500003814697,0.2733500003814697,0
2011-10-31,0.273360013961792,0.2748199999332428,0.2737500071525574,0.27425000071525574,0
2011-11-01,0.2745000123977661,0.27562999725341797,0.27425000071525574,0.27425000071525574,0
2011-11-02,0.27504000067710876,0.2762500047683716,0.2745000123977661,0.2752099931240082,0
2011-11-03,0.2762500047683716,0.2762500047683716,0.27463001012802124,0.27463001012802124,0
2011-11-04,0.2750000059604645,0.2762500047683716,0.2745000123977661,0.2750000059604645,0
2011-11-07,0.27524998784065247,0.2762500047683716,0.2745000123977661,0.27524998784065247,0
2011-11-08,0.2750999927520752,0.2762500047683716,0.2748500108718872,0.2748500108718872,0
2011-11-09,0.27489998936653137,0.2762500047683716,0.2745499908924103,0.2748500108718872,0
2011-11-10,0.27515000104904175,0.2762500047683716,0.2749199867248535,0.2756800055503845,0
2011-11-11,0.2757500112056732,0.2762500047683716,0.27535000443458557,0.2754400074481964,0
2011-11-14,0.2750000059604645,0.27535998821258545,0.27445000410079956,0.2752000093460083,0
2011-11-15,0.2752000093460083,0.2754499912261963,0.27463001012802124,0.27463001012802124,0
2011-11-16,0.2754499912261963,0.27605000138282776,0.2756499946117401,0.2756499946117401,0
2011-11-17,0.2757999897003174,0.2762500047683716,0.2757500112056732,0.2757500112056732,0
2011-11-18,0.2759999930858612,0.2762500047683716,0.27524998784065247,0.2757500112056732,0
2011-11-21,0.27549999952316284,0.2762500047683716,0.2757200002670288,0.2757200002670288,0
2011-11-22,0.2759999930858612,0.2759999930858612,0.2757500112056732,0.2757500112056732,0
2011-11-23,0.2757900059223175,0.27625998854637146,0.2757500112056732,0.2759599983692169,0
2011-11-24,0.2757500112056732,0.27632999420166016,0.27505001425743103,0.2762799859046936,0
2011-11-25,0.27630001306533813,0.2770000100135803,0.2762500047683716,0.2764799892902374,0
2011-11-28,0.27658000588417053,0.2767300009727478,0.2757500112056732,0.2767300009727478,0
2011-11-29,0.27665001153945923,0.2768999934196472,0.2761499881744385,0.27665001153945923,0
2011-11-30,0.27665001153945923,0.27695000171661377,0.2761400043964386,0.2768099904060364,0
2011-12-01,0.2762500047683716,0.27665001153945923,0.2761000096797943,0.27619999647140503,0
2011-12-02,0.2762500047683716,0.2766999900341034,0.2759999930858612,0.27632999420166016,0
2011-12-05,0.27643999457359314,0.27665001153945923,0.2761799991130829,0.2763899862766266,0
2011-12-06,0.27649998664855957,0.2765899896621704,0.2765899896621704,0.2765899896621704,0
2011-12-07,0.27649998664855957,0.27665001153945923,0.2759999930858612,0.27665001153945923,0
2011-12-08,0.2764500081539154,0.27665001153945923,0.2761499881744385,0.27636000514030457,0
2011-12-09,0.27665001153945923,0.27665001153945923,0.2762500047683716,0.27665001153945923,0
2011-12-12,0.27649998664855957,0.2770000100135803,0.2761499881744385,0.27649998664855957,0
2011-12-13,0.2768000066280365,0.2774899899959564,0.2761499881744385,0.27695998549461365,0
2011-12-14,0.2772499918937683,0.2780500054359436,0.2761000096797943,0.27755001187324524,0
2011-12-15,0.2777499854564667,0.2782500088214874,0.2770499885082245,0.2770499885082245,0
2011-12-16,0.27790001034736633,0.27803999185562134,0.2777499854564667,0.27790001034736633,0
2011-12-19,0.27799999713897705,0.2781499922275543,0.2777499854564667,0.27799999713897705,0
2011-12-20,0.2777000069618225,0.27799999713897705,0.2777000069618225,0.2777000069618225,0
2011-12-21,0.2779200077056885,0.27790001034736633,0.27750998735427856,0.2777999937534332,0
2011-12-22,0.2777999937534332,0.27799999713897705,0.2776300013065338,0.2777799963951111,0
2011-12-23,0.27790001034736633,0.27790001034736633,0.2777000069618225,0.27790001034736633,0
2011-12-26,0.27772998809814453,0.27772998809814453,0.27772998809814453,0.27772998809814453,0
2011-12-27,0.27772998809814453,0.27799999713897705,0.2777499854564667,0.2777700126171112,0
2011-12-28,0.2780500054359436,0.27796000242233276,0.2777499854564667,0.2777799963951111,0
2011-12-29,0.27755001187324524,0.27838999032974243,0.27755001187324524,0.27755001187324524,0
2011-12-30,0.2779499888420105,0.2781600058078766,0.27796000242233276,0.2781600058078766,0
2012-01-02,0.27796000242233276,0.2780900001525879,0.2773999869823456,0.2777499854564667,0
2012-01-03,0.27807000279426575,0.27807000279426575,0.2776400148868561,0.27807000279426575,0
2012-01-04,0.2777000069618225,0.2780100107192993,0.2773999869823456,0.2777000069618225,0
2012-01-05,0.2780100107192993,0.27834999561309814,0.2777499854564667,0.27785998582839966,0
2012-01-06,0.2784999907016754,0.2786000072956085,0.27827000617980957,0.2784999907016754,0
2012-01-09,0.2785699963569641,0.27987998723983765,0.2787500023841858,0.27908000349998474,0
2012-01-10,0.2791000008583069,0.27900001406669617,0.2780500054359436,0.2787500023841858,0
2012-01-11,0.27889999747276306,0.27950000762939453,0.27869999408721924,0.27889999747276306,0
2012-01-12,0.27924999594688416,0.2793999910354614,0.27865999937057495,0.27897000312805176,0
2012-01-13,0.27865999937057495,0.2791700065135956,0.27834999561309814,0.27838000655174255,0
2012-01-16,0.2791000008583069,0.27928999066352844,0.2786499857902527,0.27928999066352844,0
2012-01-17,0.279229998588562,0.27904999256134033,0.2786499857902527,0.27893000841140747,0
2012-01-18,0.27900001406669617,0.27900001406669617,0.27858999371528625,0.27900001406669617,0
2012-01-19,0.27904999256134033,0.27904999256134033,0.2781499922275543,0.27904999256134033,0
2012-01-20,0.27816998958587646,0.2784000039100647,0.27790001034736633,0.2780799865722656,0
2012-01-23,0.27821001410484314,0.2782999873161316,0.27803999185562134,0.27821001410484314,0
2012-01-24,0.2782999873161316,0.2784999907016754,0.2775000035762787,0.27785998582839966,0
2012-01-25,0.2782500088214874,0.2781499922275543,0.2777700126171112,0.2777700126171112,0
2012-01-26,0.27790001034736633,0.2775000035762787,0.27720001339912415,0.2774600088596344,0
2012-01-27,0.27799999713897705,0.2777499854564667,0.27744999527931213,0.2777499854564667,0
2012-01-30,0.27744999527931213,0.2775000035762787,0.2770499885082245,0.27713000774383545,0
2012-01-31,0.27799999713897705,0.27730000019073486,0.27695000171661377,0.27730000019073486,0
2012-02-01,0.27720001339912415,0.27730000019073486,0.27684998512268066,0.27730000019073486,0
2012-02-02,0.2770000100135803,0.27720001339912415,0.27684998512268066,0.27684998512268066,0
2012-02-03,0.27720001339912415,0.27698999643325806,0.2769399881362915,0.2769399881362915,0
2012-02-06,0.27695000171661377,0.27744999527931213,0.2770000100135803,0.27737000584602356,0
2012-02-07,0.27709001302719116,0.27744999527931213,0.2768999934196472,0.2773500084877014,0
2012-02-08,0.2768999934196472,0.2773500084877014,0.2765499949455261,0.27709999680519104,0
2012-02-09,0.27684998512268066,0.2768400013446808,0.2765499949455261,0.2765499949455261,0
2012-02-10,0.27709001302719116,0.2777999937534332,0.27674999833106995,0.27674999833106995,0
2012-02-13,0.27674999833106995,0.27730000019073486,0.27674999833106995,0.27674999833106995,0
2012-02-14,0.2769800126552582,0.2775000035762787,0.2761499881744385,0.27674999833106995,0
2012-02-15,0.2773500084877014,0.27761998772621155,0.27674999833106995,0.2772800028324127,0
2012-02-16,0.2775900065898895,0.27799999713897705,0.27674999833106995,0.2777999937534332,0
2012-02-17,0.27733999490737915,0.27785998582839966,0.2770000100135803,0.27785998582839966,0
2012-02-20,0.2772200107574463,0.2775000035762787,0.27720001339912415,0.27744999527931213,0
2012-02-21,0.2772899866104126,0.2774899899959564,0.2770000100135803,0.2774899899959564,0
2012-02-22,0.27730000019073486,0.2775000035762787,0.2771500051021576,0.2775000035762787,0
2012-02-23,0.27724000811576843,0.2775000035762787,0.2768999934196472,0.27724000811576843,0
2012-02-24,0.27667000889778137,0.27706998586654663,0.27656999230384827,0.27667000889778137,0
2012-02-27,0.27636000514030457,0.2772499918937683,0.2766300141811371,0.2766599953174591,0
2012-02-28,0.2768299877643585,0.27737998962402344,0.2766000032424927,0.2766300141811371,0
2012-02-29,0.27667999267578125,0.27737998962402344,0.2763499915599823,0.276529997587204,0
2012-03-01,0.2773900032043457,0.2773999869823456,0.27684998512268066,0.2773999869823456,0
2012-03-02,0.2769300043582916,0.2778399884700775,0.2769100069999695,0.2771399915218353,0
2012-03-05,0.2778699994087219,0.2780100107192993,0.2773999869823456,0.27783000469207764,0
2012-03-06,0.2775999903678894,0.2779499888420105,0.27755001187324524,0.2775900065898895,0
2012-03-07,0.2780100107192993,0.2780500054359436,0.2778399884700775,0.27799999713897705,0
2012-03-08,0.2777499854564667,0.27799999713897705,0.27744999527931213,0.27785998582839966,0
2012-03-09,0.2774200141429901,0.2782500088214874,0.2772499918937683,0.2777099907398224,0
2012-03-12,0.2783200144767761,0.2784999907016754,0.27764999866485596,0.2782000005245209,0
2012-03-13,0.27807000279426575,0.2785800099372864,0.27796000242233276,0.27796998620033264,0
2012-03-14,0.2785699963569641,0.27900001406669617,0.2782000005245209,0.2784700095653534,0
2012-03-15,0.27893000841140747,0.2789900004863739,0.2780500054359436,0.27893999218940735,0
2012-03-16,0.27869001030921936,0.27900001406669617,0.2782500088214874,0.27869001030921936,0
2012-03-19,0.27889999747276306,0.27900001406669617,0.2780900001525879,0.27810001373291016,0
2012-03-20,0.2784000039100647,0.27834999561309814,0.27783000469207764,0.2778399884700775,0
2012-03-21,0.2780500054359436,0.2781299948692322,0.2777000069618225,0.2777000069618225,0
2012-03-22,0.2778500020503998,0.278219997882843,0.27737998962402344,0.2778500020503998,0
2012-03-23,0.27790001034736633,0.27810001373291016,0.27744999527931213,0.2779499888420105,0
2012-03-26,0.27744999527931213,0.2778500020503998,0.27726998925209045,0.27775999903678894,0
2012-03-27,0.27722999453544617,0.2777999937534332,0.2771399915218353,0.27726998925209045,0
2012-03-28,0.2773500084877014,0.2777999937534332,0.27717000246047974,0.2773599922657013,0
2012-03-29,0.2774600088596344,0.2777999937534332,0.27737000584602356,0.27737000584602356,0
2012-03-30,0.27724000811576843,0.2777499854564667,0.27698999643325806,0.27702999114990234,0
2012-04-02,0.277209997177124,0.2777000069618225,0.27713000774383545,0.2773300111293793,0
2012-04-03,0.27706998586654663,0.2777000069618225,0.2769399881362915,0.2769399881362915,0
2012-04-04,0.2777799963951111,0.2781200110912323,0.27755001187324524,0.27783000469207764,0
2012-04-05,0.2779900133609772,0.27831000089645386,0.27764999866485596,0.27796000242233276,0
2012-04-06,0.27831000089645386,0.27831000089645386,0.27790001034736633,0.27831000089645386,0
2012-04-09,0.27831000089645386,0.27831000089645386,0.27799999713897705,0.27831000089645386,0
2012-04-10,0.27799999713897705,0.27827998995780945,0.2777999937534332,0.2777999937534332,0
2012-04-11,0.2778699994087219,0.27790001034736633,0.27750998735427856,0.27783000469207764,0
2012-04-12,0.2776400148868561,0.2778500020503998,0.2773999869823456,0.2776400148868561,0
2012-04-13,0.2773999869823456,0.2778100073337555,0.27744001150131226,0.27764999866485596,0
2012-04-16,0.27799999713897705,0.2782999873161316,0.2777999937534332,0.2780900001525879,0
2012-04-17,0.2774699926376343,0.2782000005245209,0.27742999792099,0.2775300145149231,0
2012-04-18,0.2776400148868561,0.27799999713897705,0.2777499854564667,0.27775999903678894,0
2012-04-19,0.27790001034736633,0.27810001373291016,0.27761998772621155,0.2777400016784668,0
2012-04-20,0.2779099941253662,0.27799999713897705,0.27737000584602356,0.2777000069618225,0
2012-04-23,0.2775700092315674,0.27810001373291016,0.27737998962402344,0.27737998962402344,0
2012-04-24,0.2775700092315674,0.27810001373291016,0.27674999833106995,0.2775900065898895,0
2012-04-25,0.27744999527931213,0.27810001373291016,0.27744999527931213,0.27744999527931213,0
2012-04-26,0.2773900032043457,0.2777000069618225,0.2761499881744385,0.2761499881744385,0
2012-04-27,0.2774699926376343,0.2775999903678894,0.2768999934196472,0.27744999527931213,0
2012-04-30,0.27695998549461365,0.2775999903678894,0.2768799960613251,0.27695998549461365,0
2012-05-01,0.2772499918937683,0.2775000035762787,0.2772499918937683,0.2772499918937683,0
2012-05-02,0.2775000035762787,0.2775000035762787,0.2768999934196472,0.2775000035762787,0
2012-05-03,0.27730000019073486,0.27730000019073486,0.2761499881744385,0.27684998512268066,0
2012-05-04,0.2777000069618225,0.2773999869823456,0.2770000100135803,0.27720001339912415,0
2012-05-07,0.27720001339912415,0.27781999111175537,0.2771500051021576,0.2777499854564667,0
2012-05-08,0.2777000069618225,0.27775999903678894,0.2776699960231781,0.2777000069618225,0
2012-05-09,0.27775999903678894,0.2778100073337555,0.27730000019073486,0.27755001187324524,0
2012-05-10,0.2778100073337555,0.2780500054359436,0.27695998549461365,0.2780500054359436,0
2012-05-11,0.2777000069618225,0.27818000316619873,0.27737000584602356,0.27737000584602356,0
2012-05-14,0.2777000069618225,0.2783600091934204,0.2777999937534332,0.2779200077056885,0
2012-05-15,0.27834001183509827,0.2787500023841858,0.27810001373291016,0.2781200110912323,0
2012-05-16,0.2786499857902527,0.27924999594688416,0.2782999873161316,0.2782999873161316,0
2012-05-17,0.27880001068115234,0.27924999594688416,0.27876999974250793,0.27900001406669617,0
2012-05-18,0.27900001406669617,0.2793999910354614,0.2781499922275543,0.2781499922275543,0
2012-05-21,0.2785699963569641,0.2791999876499176,0.2785699963569641,0.2785699963569641,0
2012-05-22,0.2789500057697296,0.27900001406669617,0.2784999907016754,0.27854999899864197,0
2012-05-23,0.27893000841140747,0.27935001254081726,0.2786499857902527,0.2789500057697296,0
2012-05-24,0.27935001254081726,0.2796199917793274,0.2791999876499176,0.279449999332428,0
2012-05-25,0.2797999978065491,0.28001999855041504,0.2793999910354614,0.28001999855041504,0
2012-05-28,0.27974000573158264,0.27974000573158264,0.27974000573158264,0.27974000573158264,0
2012-05-29,0.27974000573158264,0.2800000011920929,0.2793999910354614,0.27970001101493835,0
2012-05-30,0.2798900008201599,0.28040000796318054,0.2799000144004822,0.28009000420570374,0
2012-05-31,0.28060001134872437,0.2805199921131134,0.2802000045776367,0.2805199921131134,0
2012-06-01,0.28042998909950256,0.28064998984336853,0.28029999136924744,0.28064000606536865,0
2012-06-04,0.28088000416755676,0.28088000416755676,0.2797499895095825,0.28088000416755676,0
2012-06-05,0.27981001138687134,0.28049999475479126,0.2796899974346161,0.27994999289512634,0
2012-06-06,0.27994999289512634,0.28049999475479126,0.2796500027179718,0.2796500027179718,0
2012-06-07,0.2796800136566162,0.28005000948905945,0.279449999332428,0.2798900008201599,0
2012-06-08,0.2798500061035156,0.280349999666214,0.27974000573158264,0.2800599932670593,0
2012-06-11,0.28005000948905945,0.28016000986099243,0.2794800102710724,0.28005000948905945,0
2012-06-12,0.2802700102329254,0.28022998571395874,0.27983999252319336,0.27987000346183777,0
2012-06-13,0.2798500061035156,0.28029999136924744,0.2795700132846832,0.28005000948905945,0
2012-06-14,0.2797999978065491,0.28025001287460327,0.27950000762939453,0.27950000762939453,0
2012-06-15,0.2793799936771393,0.2800000011920929,0.2792699933052063,0.2792699933052063,0
2012-06-18,0.2792400121688843,0.28005000948905945,0.27915000915527344,0.2792400121688843,0
2012-06-19,0.2794100046157837,0.2797499895095825,0.2788900136947632,0.27939000725746155,0
2012-06-20,0.27897000312805176,0.2795499861240387,0.27889999747276306,0.27897998690605164,0
2012-06-21,0.27917999029159546,0.2798500061035156,0.27904999256134033,0.2792600095272064,0
2012-06-22,0.27911999821662903,0.2800000011920929,0.27904999256134033,0.27904999256134033,0
2012-06-25,0.2800000011920929,0.28025001287460327,0.27994999289512634,0.2800000011920929,0
2012-06-26,0.2799699902534485,0.28040000796318054,0.27900001406669617,0.2800000011920929,0
2012-06-27,0.2798300087451935,0.28040000796318054,0.2797600030899048,0.27981001138687134,0
2012-06-28,0.28001001477241516,0.2804900109767914,0.2797200083732605,0.2799200117588043,0
2012-06-29,0.28029000759124756,0.28040000796318054,0.27911999821662903,0.28022998571395874,0
2012-07-02,0.279449999332428,0.2800000011920929,0.2793099880218506,0.279449999332428,0
2012-07-03,0.27978000044822693,0.2800000011920929,0.27924999594688416,0.27978000044822693,0
2012-07-04,0.2794399857521057,0.2803800106048584,0.2794399857521057,0.2794399857521057,0
2012-07-05,0.2804099917411804,0.28110000491142273,0.27983999252319336,0.2798900008201599,0
2012-07-06,0.2803100049495697,0.28119999170303345,0.2803100049495697,0.2803100049495697,0
2012-07-09,0.2809000015258789,0.28126001358032227,0.2806699872016907,0.2809000015258789,0
2012-07-10,0.28064998984336853,0.28139999508857727,0.28064998984336853,0.2809000015258789,0
2012-07-11,0.28123998641967773,0.28165000677108765,0.2810100018978119,0.28123998641967773,0
2012-07-12,0.281139999628067,0.28200000524520874,0.28110000491142273,0.28130000829696655,0
2012-07-13,0.28141000866889954,0.2816999852657318,0.28110000491142273,0.28141000866889954,0
2012-07-16,0.28110000491142273,0.2816300094127655,0.28095000982284546,0.28110000491142273,0
2012-07-17,0.28095000982284546,0.28176000714302063,0.28075000643730164,0.2809099853038788,0
2012-07-18,0.2812199890613556,0.28150999546051025,0.28106001019477844,0.2812100052833557,0
2012-07-19,0.28123998641967773,0.28165000677108765,0.2806999981403351,0.28112998604774475,0
2012-07-20,0.28123998641967773,0.28165000677108765,0.2810699939727783,0.2812199890613556,0
2012-07-23,0.28110000491142273,0.2819100022315979,0.28064998984336853,0.2817400097846985,0
2012-07-24,0.2815299928188324,0.2818000018596649,0.28110000491142273,0.2815299928188324,0
2012-07-25,0.2818000018596649,0.28181999921798706,0.2814500033855438,0.2818099856376648,0
2012-07-26,0.28172001242637634,0.28185999393463135,0.28101998567581177,0.2816999852657318,0
2012-07-27,0.28139999508857727,0.28174999356269836,0.2811200022697449,0.28139999508857727,0
2012-07-30,0.28130000829696655,0.28167998790740967,0.28099000453948975,0.2813900113105774,0
2012-07-31,0.2815600037574768,0.28165000677108765,0.28099000453948975,0.2815600037574768,0
2012-08-01,0.2814300060272217,0.2815999984741211,0.2812199890613556,0.2814500033855438,0
2012-08-02,0.28139999508857727,0.28207001090049744,0.2810499966144562,0.2810499966144562,0
2012-08-03,0.28139999508857727,0.2821100056171417,0.2813499867916107,0.2813499867916107,0
2012-08-06,0.2815999984741211,0.28185001015663147,0.2807900011539459,0.28158000111579895,0
2012-08-07,0.28147000074386597,0.28154999017715454,0.2810499966144562,0.28143998980522156,0
2012-08-08,0.28154999017715454,0.2817699909210205,0.28110000491142273,0.28123000264167786,0
2012-08-09,0.28174999356269836,0.28213000297546387,0.2810499966144562,0.2810499966144562,0
2012-08-10,0.28205999732017517,0.28220000863075256,0.2815999984741211,0.2820500135421753,0
2012-08-13,0.282039999961853,0.28207001090049744,0.2814500033855438,0.2818799912929535,0
2012-08-14,0.2818000018596649,0.282260000705719,0.2815999984741211,0.2818099856376648,0
2012-08-15,0.2822900116443634,0.282370001077652,0.2815000116825104,0.28227001428604126,0
2012-08-16,0.2822900116443634,0.28251999616622925,0.2815000116825104,0.28224998712539673,0
2012-08-17,0.2820200026035309,0.28216999769210815,0.2818000018596649,0.2820099890232086,0
2012-08-20,0.28192999958992004,0.28213998675346375,0.28185001015663147,0.28192999958992004,0
2012-08-21,0.2818700075149536,0.28189000487327576,0.2812899947166443,0.2818700075149536,0
2012-08-22,0.28134000301361084,0.2819100022315979,0.2810499966144562,0.28134000301361084,0
2012-08-23,0.28176000714302063,0.28176000714302063,0.28119999170303345,0.28176000714302063,0
2012-08-24,0.2815000116825104,0.28174999356269836,0.28119999170303345,0.28119999170303345,0
2012-08-27,0.2815299928188324,0.2818399965763092,0.28147000074386597,0.28154999017715454,0
2012-08-28,0.28148001432418823,0.2818799912929535,0.28139999508857727,0.28139999508857727,0
2012-08-29,0.2815999984741211,0.2818000018596649,0.2812899947166443,0.2815000116825104,0
2012-08-30,0.28178998827934265,0.2819400131702423,0.2812899947166443,0.2813499867916107,0
2012-08-31,0.28154999017715454,0.28189000487327576,0.28123000264167786,0.2814500033855438,0
2012-09-03,0.2814199924468994,0.28169000148773193,0.2814500033855438,0.28154999017715454,0
2012-09-04,0.28154999017715454,0.2819100022315979,0.2813200056552887,0.2813499867916107,0
2012-09-05,0.28185999393463135,0.28189000487327576,0.28134000301361084,0.2818799912929535,0
2012-09-06,0.2813799977302551,0.28185001015663147,0.2813200056552887,0.28137001395225525,0
2012-09-07,0.2815900146961212,0.2815900146961212,0.2806900143623352,0.2815699875354767,0
2012-09-10,0.2807900011539459,0.28139999508857727,0.2807900011539459,0.2807900011539459,0
2012-09-11,0.28110000491142273,0.2813200056552887,0.28064000606536865,0.28110000491142273,0
2012-09-12,0.28071001172065735,0.28119999170303345,0.2800999879837036,0.28095999360084534,0
2012-09-13,0.28060999512672424,0.28224998712539673,0.28044000267982483,0.2805599868297577,0
2012-09-14,0.28014999628067017,0.28084999322891235,0.2796199917793274,0.2801400125026703,0
2012-09-17,0.27983999252319336,0.2809000015258789,0.2797600030899048,0.27983999252319336,0
2012-09-18,0.2798500061035156,0.2802000045776367,0.2796800136566162,0.2798500061035156,0
2012-09-19,0.2801400125026703,0.2802799940109253,0.27998998761177063,0.2800999879837036,0
2012-09-20,0.28001999855041504,0.2804200053215027,0.28001999855041504,0.2800300121307373,0
2012-09-21,0.28016000986099243,0.28040000796318054,0.27983999252319336,0.28014999628067017,0
2012-09-24,0.28009000420570374,0.28075000643730164,0.2800000011920929,0.280349999666214,0
2012-09-25,0.28029999136924744,0.28049999475479126,0.27998000383377075,0.28029999136924744,0
2012-09-26,0.2804200053215027,0.2809999883174896,0.28036001324653625,0.2803899943828583,0
2012-09-27,0.28049999475479126,0.2807599902153015,0.28033000230789185,0.28049999475479126,0
2012-09-28,0.28049999475479126,0.2806699872016907,0.2800599932670593,0.280239999294281,0
2012-10-01,0.28049999475479126,0.28154999017715454,0.28033000230789185,0.28154999017715454,0
2012-10-02,0.28053000569343567,0.28084999322891235,0.2801400125026703,0.28075000643730164,0
2012-10-03,0.28084999322891235,0.28084999322891235,0.280349999666214,0.28049999475479126,0
2012-10-04,0.28057000041007996,0.2808000147342682,0.280129998922348,0.28060001134872437,0
2012-10-05,0.28022998571395874,0.28075000643730164,0.2799699902534485,0.28022998571395874,0
2012-10-08,0.28049999475479126,0.2805599868297577,0.28044000267982483,0.28044000267982483,0
2012-10-09,0.2804499864578247,0.2807900011539459,0.2801699936389923,0.2804099917411804,0
2012-10-10,0.2808000147342682,0.2809999883174896,0.28040000796318054,0.28040000796318054,0
2012-10-11,0.28080999851226807,0.28091999888420105,0.2803800106048584,0.28088998794555664,0
2012-10-12,0.28077998757362366,0.28110000491142273,0.2804900109767914,0.28077998757362366,0
2012-10-15,0.28077998757362366,0.28110000491142273,0.28040000796318054,0.28077998757362366,0
2012-10-16,0.2804499864578247,0.28110000491142273,0.2799000144004822,0.2805899977684021,0
2012-10-17,0.28053000569343567,0.28053000569343567,0.27963998913764954,0.28053000569343567,0
2012-10-18,0.280129998922348,0.2809000015258789,0.2799699902534485,0.280129998922348,0
2012-10-19,0.2801800072193146,0.2809000015258789,0.28014999628067017,0.2801800072193146,0
2012-10-22,0.2803899943828583,0.2809000015258789,0.2803100049495697,0.28036001324653625,0
2012-10-23,0.2806299924850464,0.28088998794555664,0.2804099917411804,0.2805500030517578,0
2012-10-24,0.2805500030517578,0.2809999883174896,0.28053998947143555,0.2805500030517578,0
2012-10-25,0.2805500030517578,0.28095000982284546,0.2805500030517578,0.2805500030517578,0
2012-10-26,0.2805500030517578,0.2809999883174896,0.2805500030517578,0.2805500030517578,0
2012-10-29,0.28068000078201294,0.2810100018978119,0.28071001172065735,0.28095000982284546,0
2012-10-30,0.2807300090789795,0.28095000982284546,0.28053998947143555,0.2807199954986572,0
2012-10-31,0.2808000147342682,0.2808299958705902,0.2804499864578247,0.2807700037956238,0
2012-11-01,0.2807700037956238,0.2809099853038788,0.2804900109767914,0.2805500030517578,0
2012-11-02,0.28088000416755676,0.2813299894332886,0.2808299958705902,0.2809300124645233,0
2012-11-05,0.2813299894332886,0.28147000074386597,0.2809000015258789,0.2809099853038788,0
2012-11-06,0.28130999207496643,0.28158000111579895,0.2810400128364563,0.28134000301361084,0
2012-11-07,0.28130000829696655,0.28174999356269836,0.2809799909591675,0.2812100052833557,0
2012-11-08,0.2815900146961212,0.28185001015663147,0.28110000491142273,0.2815999984741211,0
2012-11-09,0.2814599871635437,0.28200000524520874,0.28126999735832214,0.2814899981021881,0
2012-11-12,0.2817800045013428,0.2819400131702423,0.28143998980522156,0.2814500033855438,0
2012-11-13,0.2817299962043762,0.28207001090049744,0.2816999852657318,0.2817299962043762,0
2012-11-14,0.28178998827934265,0.28209999203681946,0.2813799977302551,0.28176000714302063,0
2012-11-15,0.28178998827934265,0.28209999203681946,0.2816999852657318,0.2818399965763092,0
2012-11-16,0.2816999852657318,0.28202998638153076,0.2816999852657318,0.2816999852657318,0
2012-11-19,0.2816999852657318,0.2824999988079071,0.28161999583244324,0.2816999852657318,0
2012-11-20,0.2817400097846985,0.28209999203681946,0.2815699875354767,0.2816399931907654,0
2012-11-21,0.28174999356269836,0.28213998675346375,0.28158000111579895,0.28181999921798706,0
2012-11-22,0.28161999583244324,0.28200000524520874,0.2813799977302551,0.28200000524520874,0
2012-11-23,0.2817299962043762,0.28209999203681946,0.2814599871635437,0.2817400097846985,0
2012-11-26,0.28189998865127563,0.282150000333786,0.28110000491142273,0.28119999170303345,0
2012-11-27,0.2810100018978119,0.28165000677108765,0.28099000453948975,0.28110000491142273,0
2012-11-28,0.28130999207496643,0.2818000018596649,0.28119999170303345,0.28130000829696655,0
2012-11-29,0.2812899947166443,0.28130999207496643,0.28108999133110046,0.28130999207496643,0
2012-11-30,0.28123000264167786,0.2815000116825104,0.2809700071811676,0.28123000264167786,0
2012-12-03,0.28119999170303345,0.28139999508857727,0.28084999322891235,0.28119999170303345,0
2012-12-04,0.2810499966144562,0.28139999508857727,0.2807599902153015,0.2809399962425232,0
2012-12-05,0.28080999851226807,0.28119999170303345,0.2805500030517578,0.2807700037956238,0
2012-12-06,0.28077998757362366,0.28139999508857727,0.2805500030517578,0.2805500030517578,0
2012-12-07,0.2807700037956238,0.28147000074386597,0.28077998757362366,0.28077998757362366,0
2012-12-10,0.28095000982284546,0.2815999984741211,0.28095000982284546,0.28141000866889954,0
2012-12-11,0.28095000982284546,0.28174999356269836,0.28095000982284546,0.2814500033855438,0
2012-12-12,0.2813499867916107,0.28174999356269836,0.2809300124645233,0.281139999628067,0
2012-12-13,0.28088998794555664,0.2815000116825104,0.28088998794555664,0.28088998794555664,0
2012-12-14,0.2811500132083893,0.2815000116825104,0.28084999322891235,0.28084999322891235,0
2012-12-17,0.28088000416755676,0.2813499867916107,0.28068000078201294,0.28088000416755676,0
2012-12-18,0.28084999322891235,0.28110000491142273,0.2806600034236908,0.28084999322891235,0
2012-12-19,0.28084999322891235,0.28084999322891235,0.28025001287460327,0.28084999322891235,0
2012-12-20,0.28080999851226807,0.2809999883174896,0.28025001287460327,0.28025001287460327,0
2012-12-21,0.2807300090789795,0.28095999360084534,0.28025001287460327,0.28025001287460327,0
2012-12-24,0.2806999981403351,0.28088998794555664,0.2806299924850464,0.2806999981403351,0
2012-12-25,0.28102999925613403,0.2811799943447113,0.28049999475479126,0.28049999475479126,0
2012-12-26,0.28108999133110046,0.2811700105667114,0.28064000606536865,0.28064998984336853,0
2012-12-27,0.28084999322891235,0.2809000015258789,0.28053000569343567,0.28075000643730164,0
2012-12-28,0.2806299924850464,0.2811700105667114,0.2806299924850464,0.28064000606536865,0
2012-12-31,0.2809000015258789,0.28148001432418823,0.2806299924850464,0.28071001172065735,0
2013-01-01,0.2806699872016907,0.2806600034236908,0.2805899977684021,0.2806600034236908,0
2013-01-02,0.2806900143623352,0.28110000491142273,0.280460000038147,0.28084999322891235,0
2013-01-03,0.28110000491142273,0.2814300060272217,0.28060001134872437,0.28060001134872437,0
2013-01-04,0.28095000982284546,0.2820900082588196,0.28095000982284546,0.28095000982284546,0
2013-01-07,0.28075000643730164,0.2819499969482422,0.28075000643730164,0.2818700075149536,0
2013-01-08,0.28148001432418823,0.2822999954223633,0.28134000301361084,0.2818000018596649,0
2013-01-09,0.28150999546051025,0.28189998865127563,0.28137001395225525,0.2814899981021881,0
2013-01-10,0.28139999508857727,0.28200000524520874,0.28123998641967773,0.2818700075149536,0
2013-01-11,0.2811200022697449,0.28200000524520874,0.2809000015258789,0.28115999698638916,0
2013-01-14,0.28095000982284546,0.28154999017715454,0.28088000416755676,0.28088998794555664,0
2013-01-15,0.2810499966144562,0.2814500033855438,0.28064998984336853,0.28064998984336853,0
2013-01-16,0.28123998641967773,0.2819499969482422,0.2809000015258789,0.28102999925613403,0
2013-01-17,0.28130999207496643,0.28137001395225525,0.2806999981403351,0.2809000015258789,0
2013-01-18,0.28084999322891235,0.28143998980522156,0.28084999322891235,0.28084999322891235,0
2013-01-21,0.28139999508857727,0.28139999508857727,0.2811700105667114,0.28139999508857727,0
2013-01-22,0.28126999735832214,0.2816999852657318,0.2809399962425232,0.28158000111579895,0
2013-01-23,0.2811700105667114,0.28174999356269836,0.28112998604774475,0.2811799943447113,0
2013-01-24,0.28119999170303345,0.2816999852657318,0.2811799943447113,0.28119999170303345,0
2013-01-25,0.28119999170303345,0.2815000116825104,0.2809999883174896,0.28119999170303345,0
2013-01-28,0.28119999170303345,0.2814500033855438,0.28088998794555664,0.2809399962425232,0
2013-01-29,0.28110000491142273,0.2815000116825104,0.28080999851226807,0.28110000491142273,0
2013-01-30,0.28110000491142273,0.2815000116825104,0.28060999512672424,0.2809099853038788,0
2013-01-31,0.2805599868297577,0.2813499867916107,0.2804499864578247,0.28084999322891235,0
2013-02-01,0.28060001134872437,0.28110000491142273,0.2801400125026703,0.2804499864578247,0
2013-02-04,0.2809000015258789,0.28130000829696655,0.2805500030517578,0.2809000015258789,0
2013-02-05,0.2809000015258789,0.2815999984741211,0.2809000015258789,0.2809999883174896,0
2013-02-06,0.28095000982284546,0.2814500033855438,0.2806999981403351,0.28095000982284546,0
2013-02-07,0.2809999883174896,0.2816599905490875,0.2808400094509125,0.2809999883174896,0
2013-02-08,0.2811500132083893,0.2815900146961212,0.2809999883174896,0.2811500132083893,0
2013-02-11,0.28084999322891235,0.28189998865127563,0.2809999883174896,0.28130000829696655,0
2013-02-12,0.2818099856376648,0.282150000333786,0.28123998641967773,0.2815999984741211,0
2013-02-13,0.2816999852657318,0.2819499969482422,0.2811500132083893,0.28192999958992004,0
2013-02-14,0.2813799977302551,0.2819899916648865,0.2813499867916107,0.28139999508857727,0
2013-02-15,0.2818000018596649,0.2820799946784973,0.28154999017715454,0.28154999017715454,0
2013-02-18,0.2818399965763092,0.2824000120162964,0.28130000829696655,0.2818399965763092,0
2013-02-19,0.28200000524520874,0.28224998712539673,0.28172001242637634,0.28200000524520874,0
2013-02-20,0.2818000018596649,0.28220000863075256,0.2811500132083893,0.2818000018596649,0
2013-02-21,0.28227999806404114,0.28271999955177307,0.2815999984741211,0.2815999984741211,0
2013-02-22,0.2824699878692627,0.2825700044631958,0.2822200059890747,0.2824699878692627,0
2013-02-25,0.2822999954223633,0.28279998898506165,0.28224000334739685,0.28273001313209534,0
2013-02-26,0.28244999051094055,0.28325000405311584,0.2819499969482422,0.28244999051094055,0
2013-02-27,0.28244999051094055,0.28299999237060547,0.28220000863075256,0.28244999051094055,0
2013-02-28,0.2826499938964844,0.2833999991416931,0.28244999051094055,0.28266000747680664,0
2013-03-01,0.2827000021934509,0.2837499976158142,0.2826499938964844,0.28303998708724976,0
2013-03-04,0.2827000021934509,0.2836399972438812,0.2827000021934509,0.2827000021934509,0
2013-03-05,0.28332000970840454,0.28360000252723694,0.28317999839782715,0.28327998518943787,0
2013-03-06,0.28349998593330383,0.2835899889469147,0.2831999957561493,0.28349998593330383,0
2013-03-07,0.2837800085544586,0.28387001156806946,0.2833299934864044,0.28334999084472656,0
2013-03-08,0.28336000442504883,0.28376999497413635,0.28328999876976013,0.28369998931884766,0
2013-03-11,0.28373000025749207,0.28439998626708984,0.28360000252723694,0.28373000025749207,0
2013-03-12,0.2838999927043915,0.28439998626708984,0.28380000591278076,0.2838999927043915,0
2013-03-13,0.2839199900627136,0.28450000286102295,0.28376999497413635,0.2838999927043915,0
2013-03-14,0.2843100130558014,0.2845200002193451,0.2839300036430359,0.2840699851512909,0
2013-03-15,0.28393998742103577,0.28439998626708984,0.28356000781059265,0.2838200032711029,0
2013-03-18,0.2836199998855591,0.2842999994754791,0.2836199998855591,0.2836199998855591,0
2013-03-19,0.2840299904346466,0.28439998626708984,0.2835499942302704,0.28404000401496887,0
2013-03-20,0.2844499945640564,0.2847999930381775,0.2839199900627136,0.2840999960899353,0
2013-03-21,0.2845900058746338,0.2847500145435333,0.2842000126838684,0.2842999994754791,0
2013-03-22,0.2842499911785126,0.28470999002456665,0.28415000438690186,0.28415000438690186,0
2013-03-25,0.2838999927043915,0.2846600115299225,0.28360000252723694,0.28360000252723694,0
2013-03-26,0.2838999927043915,0.2849000096321106,0.28369998931884766,0.2838999927043915,0
2013-03-27,0.28446999192237854,0.2849999964237213,0.284170001745224,0.28446999192237854,0
2013-03-28,0.2845500111579895,0.28560999035835266,0.28450000286102295,0.2845500111579895,0
2013-03-29,0.28554999828338623,0.28554999828338623,0.28554999828338623,0.28554999828338623,0
2013-04-01,0.28554999828338623,0.28554999828338623,0.2849000096321106,0.28554999828338623,0
2013-04-02,0.2849999964237213,0.2855600118637085,0.2847000062465668,0.28554999828338623,0
2013-04-03,0.2851400077342987,0.28586000204086304,0.2844499945640564,0.2850300073623657,0
2013-04-04,0.2847999930381775,0.28610000014305115,0.2847999930381775,0.2847999930381775,0
2013-04-05,0.2847999930381775,0.28571000695228577,0.2847999930381775,0.2847999930381775,0
2013-04-08,0.2847999930381775,0.28565001487731934,0.28464001417160034,0.28560999035835266,0
2013-04-09,0.2852500081062317,0.2852500081062317,0.28415000438690186,0.2852500081062317,0
2013-04-10,0.2848300039768219,0.2852500081062317,0.28395000100135803,0.2848300039768219,0
2013-04-11,0.2848300039768219,0.2850799858570099,0.2840999960899353,0.2848300039768219,0
2013-04-12,0.28450000286102295,0.2847500145435333,0.28442999720573425,0.28450000286102295,0
2013-04-15,0.28450000286102295,0.28453999757766724,0.2840999960899353,0.28450000286102295,0
2013-04-16,0.28435999155044556,0.28505000472068787,0.2838999927043915,0.28442999720573425,0
2013-04-17,0.28404000401496887,0.28505000472068787,0.28360000252723694,0.28404000401496887,0
2013-04-18,0.2844899892807007,0.2847999930381775,0.28402000665664673,0.2842000126838684,0
2013-04-19,0.2844200134277344,0.2847500145435333,0.28418999910354614,0.28439998626708984,0
2013-04-22,0.2844400107860565,0.2851000130176544,0.2845900058746338,0.2851000130176544,0
2013-04-23,0.2846499979496002,0.2852500081062317,0.2844400107860565,0.2844400107860565,0
2013-04-24,0.28477999567985535,0.2852500081062317,0.28450000286102295,0.28481999039649963,0
2013-04-25,0.2847999930381775,0.2847999930381775,0.2843799889087677,0.28468000888824463,0
2013-04-26,0.2845500111579895,0.2847500145435333,0.2843500077724457,0.2843500077724457,0
2013-04-29,0.2843799889087677,0.2844499945640564,0.28395000100135803,0.2841300070285797,0
2013-04-30,0.2840299904346466,0.28450000286102295,0.28356000781059265,0.2844499945640564,0
2013-05-01,0.2844499945640564,0.2844499945640564,0.28345999121665955,0.2838500142097473,0
2013-05-02,0.2835499942302704,0.2842099964618683,0.28338000178337097,0.28360000252723694,0
2013-05-03,0.2842099964618683,0.2843500077724457,0.2827000021934509,0.28349998593330383,0
2013-05-06,0.2837499976158142,0.2847000062465668,0.28387999534606934,0.28387999534606934,0
2013-05-07,0.28404000401496887,0.2847000062465668,0.2840000092983246,0.28404998779296875,0
2013-05-08,0.28415000438690186,0.2847500145435333,0.28376999497413635,0.28415000438690186,0
2013-05-09,0.2838599979877472,0.2847000062465668,0.2837499976158142,0.2842499911785126,0
2013-05-10,0.2842499911785126,0.28494998812675476,0.2837499976158142,0.2837499976158142,0
2013-05-13,0.2838999927043915,0.2852799892425537,0.2838999927043915,0.2838999927043915,0
2013-05-14,0.28512001037597656,0.2853100001811981,0.28499001264572144,0.2851000130176544,0
2013-05-15,0.28554001450538635,0.28582000732421875,0.2847000062465668,0.28505000472068787,0
2013-05-16,0.28565001487731934,0.28582000732421875,0.28551000356674194,0.28565001487731934,0
2013-05-17,0.28565001487731934,0.28600001335144043,0.28565001487731934,0.28565001487731934,0
2013-05-20,0.28565001487731934,0.2861500084400177,0.28565001487731934,0.28565001487731934,0
2013-05-21,0.2858999967575073,0.2862499952316284,0.2858099937438965,0.2858999967575073,0
2013-05-22,0.28593000769615173,0.2860499918460846,0.2856000065803528,0.28591999411582947,0
2013-05-23,0.28613999485969543,0.28617000579833984,0.2858000099658966,0.28613001108169556,0
2013-05-24,0.2861500084400177,0.2861500084400177,0.2856000065803528,0.2861500084400177,0
2013-05-27,0.2859500050544739,0.2861500084400177,0.28554999828338623,0.2859500050544739,0
2013-05-28,0.28558000922203064,0.2861500084400177,0.28564000129699707,0.2861500084400177,0
2013-05-29,0.28582999110221863,0.2862499952316284,0.2849299907684326,0.28582999110221863,0
2013-05-30,0.2849299907684326,0.28619998693466187,0.28492000699043274,0.28600001335144043,0
2013-05-31,0.28543001413345337,0.2858000099658966,0.2850399911403656,0.28543001413345337,0
2013-06-03,0.2854200005531311,0.28575000166893005,0.28461000323295593,0.28543001413345337,0
2013-06-04,0.2852500081062317,0.28554999828338623,0.2847599983215332,0.2851000130176544,0
2013-06-05,0.2849999964237213,0.2851400077342987,0.2845200002193451,0.2849999964237213,0
2013-06-06,0.2847500145435333,0.2847500145435333,0.28224998712539673,0.2847500145435333,0
2013-06-07,0.28450000286102295,0.2849699854850769,0.28384000062942505,0.28450000286102295,0
2013-06-10,0.28450000286102295,0.2849699854850769,0.28384000062942505,0.28450000286102295,0
2013-06-11,0.2838200032711029,0.28442999720573425,0.2834799885749817,0.28442999720573425,0
2013-06-12,0.2838200032711029,0.2845500111579895,0.2831000089645386,0.28442999720573425,0
2013-06-13,0.2833999991416931,0.28345999121665955,0.2826800048351288,0.2833999991416931,0
2013-06-14,0.28271999955177307,0.28317001461982727,0.28271999955177307,0.28271999955177307,0
2013-06-17,0.28273001313209534,0.2831000089645386,0.28273001313209534,0.28273001313209534,0
2013-06-18,0.28271999955177307,0.28308001160621643,0.2825799882411957,0.28273001313209534,0
2013-06-19,0.2827399969100952,0.28299999237060547,0.2826499938964844,0.2827000021934509,0
2013-06-20,0.2833999991416931,0.28387999534606934,0.28266000747680664,0.2827000021934509,0
2013-06-21,0.2827000021934509,0.2839699983596802,0.2827000021934509,0.28349000215530396,0
2013-06-24,0.2827000021934509,0.2847999930381775,0.2827000021934509,0.2827000021934509,0
2013-06-25,0.2827799916267395,0.2847999930381775,0.28400999307632446,0.284060001373291,0
2013-06-26,0.2842499911785126,0.284960001707077,0.2842499911785126,0.2842499911785126,0
2013-06-27,0.2844499945640564,0.28507000207901,0.2844499945640564,0.2844499945640564,0
2013-06-28,0.2847500145435333,0.2853600084781647,0.28450000286102295,0.2847500145435333,0
2013-07-01,0.2847299873828888,0.28527000546455383,0.2847299873828888,0.2847299873828888,0
2013-07-02,0.28492000699043274,0.28554999828338623,0.2846499979496002,0.28492000699043274,0
2013-07-03,0.28459998965263367,0.28582999110221863,0.2849999964237213,0.285290002822876,0
2013-07-04,0.2852399945259094,0.2860400080680847,0.28512001037597656,0.2852399945259094,0
2013-07-05,0.28567999601364136,0.2869499921798706,0.2851000130176544,0.28567999601364136,0
2013-07-08,0.2854999899864197,0.28661999106407166,0.2854999899864197,0.2854999899864197,0
2013-07-09,0.2863500118255615,0.2869499921798706,0.2859799861907959,0.2863500118255615,0
2013-07-10,0.2865000069141388,0.28672000765800476,0.2856000065803528,0.28644999861717224,0
2013-07-11,0.28637000918388367,0.2863500118255615,0.28457000851631165,0.2863500118255615,0
2013-07-12,0.28637000918388367,0.28637000918388367,0.2850799858570099,0.28637000918388367,0
2013-07-15,0.28523001074790955,0.28567999601364136,0.2849999964237213,0.2851099967956543,0
2013-07-16,0.285180002450943,0.28540998697280884,0.2848699986934662,0.285180002450943,0
2013-07-17,0.28477999567985535,0.2852500081062317,0.2845799922943115,0.28481999039649963,0
2013-07-18,0.2847999930381775,0.2852500081062317,0.2847999930381775,0.2847999930381775,0
2013-07-19,0.2847999930381775,0.2852199971675873,0.2847999930381775,0.2847999930381775,0
2013-07-22,0.28505000472068787,0.28505000472068787,0.2844200134277344,0.2847999930381775,0
2013-07-23,0.2844099998474121,0.2849000096321106,0.28439000248908997,0.28442999720573425,0
2013-07-24,0.28446000814437866,0.2848699986934662,0.2842499911785126,0.28446999192237854,0
2013-07-25,0.2846199870109558,0.2849000096321106,0.2843500077724457,0.28464001417160034,0
2013-07-26,0.2843799889087677,0.28457000851631165,0.2833099961280823,0.2842499911785126,0
2013-07-29,0.28439998626708984,0.2844499945640564,0.28352001309394836,0.2837499976158142,0
2013-07-30,0.28387001156806946,0.28450000286102295,0.2836799919605255,0.28407999873161316,0
2013-07-31,0.2841300070285797,0.28428998589515686,0.2838500142097473,0.28411999344825745,0
2013-08-01,0.2838500142097473,0.28512999415397644,0.2838500142097473,0.28404998779296875,0
2013-08-02,0.2838500142097473,0.28518998622894287,0.2838500142097473,0.285180002450943,0
2013-08-05,0.2838500142097473,0.2849000096321106,0.28380000591278076,0.2838500142097473,0
2013-08-06,0.28380000591278076,0.2846600115299225,0.28380000591278076,0.28380000591278076,0
2013-08-07,0.28431999683380127,0.2847000062465668,0.28349998593330383,0.2843500077724457,0
2013-08-08,0.28415000438690186,0.2844499945640564,0.28349998593330383,0.28349998593330383,0
2013-08-09,0.28415000438690186,0.2844499945640564,0.28349998593330383,0.28415000438690186,0
2013-08-12,0.2838999927043915,0.28459998965263367,0.2837600111961365,0.2840000092983246,0
2013-08-13,0.2841399908065796,0.2856200039386749,0.28325000405311584,0.28325000405311584,0
2013-08-14,0.2841399908065796,0.2855600118637085,0.28345000743865967,0.28345000743865967,0
2013-08-15,0.28415998816490173,0.28547999262809753,0.2835499942302704,0.2837499976158142,0
2013-08-16,0.2837600111961365,0.2852100133895874,0.2835499942302704,0.2835499942302704,0
2013-08-19,0.28407999873161316,0.2851000130176544,0.2833000123500824,0.28407999873161316,0
2013-08-20,0.2840000092983246,0.2843700051307678,0.2831999957561493,0.2841399908065796,0
2013-08-21,0.28387999534606934,0.2841399908065796,0.28290000557899475,0.2831999957561493,0
2013-08-22,0.2837800085544586,0.28457000851631165,0.28290000557899475,0.28290000557899475,0
2013-08-23,0.2838500142097473,0.28459998965263367,0.2833999991416931,0.2833999991416931,0
2013-08-26,0.2838500142097473,0.2844200134277344,0.2833000123500824,0.2838500142097473,0
2013-08-27,0.2838500142097473,0.2845200002193451,0.2833000123500824,0.2833000123500824,0
2013-08-28,0.28404998779296875,0.2849999964237213,0.2831000089645386,0.2833000123500824,0
2013-08-29,0.2838999927043915,0.28540998697280884,0.28345000743865967,0.2846899926662445,0
2013-08-30,0.2838999927043915,0.2853899896144867,0.2838999927043915,0.2838999927043915,0
2013-09-02,0.2849400043487549,0.28551000356674194,0.28395000100135803,0.2841300070285797,0
2013-09-03,0.28523001074790955,0.2858400046825409,0.28519999980926514,0.28523001074790955,0
2013-09-04,0.2854999899864197,0.28578001260757446,0.2842499911785126,0.2854999899864197,0
2013-09-05,0.2854999899864197,0.2858999967575073,0.28508999943733215,0.28540000319480896,0
2013-09-06,0.2854500114917755,0.28578999638557434,0.2849400043487549,0.28543999791145325,0
2013-09-09,0.2852199971675873,0.28551000356674194,0.2846499979496002,0.2852199971675873,0
2013-09-10,0.28468000888824463,0.2854999899864197,0.2837499976158142,0.2840999960899353,0
2013-09-11,0.2844499945640564,0.2847299873828888,0.2837499976158142,0.2837499976158142,0
2013-09-12,0.2844499945640564,0.2845500111579895,0.28349998593330383,0.2838999927043915,0
2013-09-13,0.2840699851512909,0.2844099998474121,0.28349998593330383,0.28349998593330383,0
2013-09-16,0.2839600145816803,0.2841300070285797,0.2833699882030487,0.2839600145816803,0
2013-09-17,0.28352001309394836,0.28387999534606934,0.2829200029373169,0.28314998745918274,0
2013-09-18,0.28356000781059265,0.2840999960899353,0.2833000123500824,0.28334999084472656,0
2013-09-19,0.2833000123500824,0.28345999121665955,0.28235000371932983,0.28275999426841736,0
2013-09-20,0.28279000520706177,0.28332000970840454,0.28174999356269836,0.28235000371932983,0
2013-09-23,0.2828199863433838,0.2847500145435333,0.2827000021934509,0.2847500145435333,0
2013-09-24,0.2827000021934509,0.2830199897289276,0.28227001428604126,0.2827799916267395,0
2013-09-25,0.28273001313209534,0.28303998708724976,0.2826499938964844,0.28279998898506165,0
2013-09-26,0.2828499972820282,0.283050000667572,0.2825799882411957,0.28279998898506165,0
2013-09-27,0.28299999237060547,0.2829799950122833,0.282370001077652,0.282370001077652,0
2013-09-30,0.28279998898506165,0.2828100025653839,0.2822200059890747,0.28279998898506165,0
2013-10-01,0.2824600040912628,0.2826800048351288,0.28189000487327576,0.28248000144958496,0
2013-10-02,0.2826400101184845,0.2829599976539612,0.2818700075149536,0.282150000333786,0
2013-10-03,0.2819800078868866,0.2827000021934509,0.28161999583244324,0.28200000524520874,0
2013-10-04,0.2820500135421753,0.2825300097465515,0.28172001242637634,0.2818000018596649,0
2013-10-07,0.2820500135421753,0.28279000520706177,0.2820500135421753,0.2820500135421753,0
2013-10-09,0.2820799946784973,0.2831299901008606,0.2820500135421753,0.2821199893951416,0
2013-10-10,0.2824999988079071,0.28286999464035034,0.2818700075149536,0.2824999988079071,0
2013-10-11,0.28200000524520874,0.2827500104904175,0.28200000524520874,0.28255000710487366,0
2013-10-14,0.28200000524520874,0.2826400101184845,0.28130000829696655,0.28200000524520874,0
2013-10-15,0.28200000524520874,0.2829299867153168,0.28200000524520874,0.2825799882411957,0
2013-10-16,0.28268998861312866,0.2829799950122833,0.28200000524520874,0.2827000021934509,0
2013-10-17,0.28200000524520874,0.2828100025653839,0.28200000524520874,0.2828100025653839,0
2013-10-18,0.28200000524520874,0.2824999988079071,0.28185999393463135,0.28224998712539673,0
2013-10-21,0.28200000524520874,0.2822299897670746,0.28154999017715454,0.28200000524520874,0
2013-10-22,0.28174999356269836,0.28224998712539673,0.28130999207496643,0.2818700075149536,0
2013-10-23,0.2813299894332886,0.28174999356269836,0.28110000491142273,0.2816999852657318,0
2013-10-24,0.2813499867916107,0.28185999393463135,0.28095000982284546,0.28110000491142273,0
2013-10-25,0.28125,0.28172001242637634,0.28075000643730164,0.2813799977302551,0
2013-10-28,0.28125,0.2817099988460541,0.28125,0.28125,0
2013-10-29,0.28125,0.28172001242637634,0.2806999981403351,0.28125,0
2013-10-30,0.28125,0.2815999984741211,0.2808000147342682,0.28150999546051025,0
2013-10-31,0.28125,0.28224998712539673,0.28125,0.28125,0
2013-11-01,0.28165000677108765,0.2826099991798401,0.28165000677108765,0.28165000677108765,0
2013-11-04,0.28165000677108765,0.2831000089645386,0.28165000677108765,0.2827000021934509,0
2013-11-05,0.28235000371932983,0.2829500138759613,0.2815200090408325,0.28233999013900757,0
2013-11-06,0.2826499938964844,0.28290000557899475,0.28220000863075256,0.28242000937461853,0
2013-11-07,0.2827000021934509,0.28373000025749207,0.28220000863075256,0.2822999954223633,0
2013-11-08,0.2826499938964844,0.2833299934864044,0.2825999855995178,0.2826499938964844,0
2013-11-11,0.2826499938964844,0.28349998593330383,0.2829500138759613,0.28314000368118286,0
2013-11-12,0.28349998593330383,0.28352001309394836,0.28290000557899475,0.28349998593330383,0
2013-11-13,0.2827000021934509,0.2833999991416931,0.2824699878692627,0.2829500138759613,0
2013-11-14,0.28299999237060547,0.28327998518943787,0.28235000371932983,0.28273001313209534,0
2013-11-15,0.28299999237060547,0.28321000933647156,0.28244999051094055,0.28299999237060547,0
2013-11-18,0.2823899984359741,0.28314000368118286,0.2824600040912628,0.2825399935245514,0
2013-11-19,0.28299999237060547,0.28334999084472656,0.282150000333786,0.28299999237060547,0
2013-11-20,0.28299999237060547,0.28314998745918274,0.2822999954223633,0.28242000937461853,0
2013-11-21,0.28299999237060547,0.28321999311447144,0.2822999954223633,0.2822999954223633,0
2013-11-22,0.2826699912548065,0.28301000595092773,0.2824299931526184,0.28299999237060547,0
2013-11-25,0.28233999013900757,0.28299999237060547,0.28248998522758484,0.28251999616622925,0
2013-11-26,0.2824999988079071,0.2827500104904175,0.2823599874973297,0.2824999988079071,0
2013-11-27,0.2824999988079071,0.28290000557899475,0.2820900082588196,0.2821899950504303,0
2013-11-28,0.2823199927806854,0.2824999988079071,0.2816999852657318,0.28220000863075256,0
2013-11-29,0.2821800112724304,0.2824600040912628,0.28209999203681946,0.2821600139141083,0
2013-12-02,0.28220999240875244,0.2828100025653839,0.28209999203681946,0.28220999240875244,0
2013-12-03,0.2824999988079071,0.2827700078487396,0.2816599905490875,0.2824999988079071,0
2013-12-04,0.2826499938964844,0.28290000557899475,0.28220000863075256,0.2826499938964844,0
2013-12-05,0.2822900116443634,0.28290000557899475,0.2818000018596649,0.2826499938964844,0
2013-12-06,0.28224998712539673,0.2824299931526184,0.282039999961853,0.28224998712539673,0
2013-12-09,0.28224998712539673,0.2824000120162964,0.28189998865127563,0.28224998712539673,0
2013-12-10,0.28196001052856445,0.28220000863075256,0.2817099988460541,0.28200000524520874,0
2013-12-11,0.28200000524520874,0.28213000297546387,0.2815000116825104,0.28200000524520874,0
2013-12-12,0.2817400097846985,0.28207001090049744,0.2814500033855438,0.28200000524520874,0
2013-12-13,0.28200000524520874,0.282260000705719,0.2817099988460541,0.28200000524520874,0
2013-12-16,0.28200000524520874,0.28205999732017517,0.28169000148773193,0.28200000524520874,0
2013-12-17,0.2818000018596649,0.2821800112724304,0.28165000677108765,0.2818000018596649,0
2013-12-18,0.2818000018596649,0.282150000333786,0.28154999017715454,0.2818000018596649,0
2013-12-19,0.28207001090049744,0.2826800048351288,0.2815999984741211,0.28205999732017517,0
2013-12-20,0.28235000371932983,0.28255999088287354,0.2818399965763092,0.28235000371932983,0
2013-12-23,0.28196001052856445,0.2824999988079071,0.28196001052856445,0.28196001052856445,0
2013-12-24,0.2816999852657318,0.2824000120162964,0.28154999017715454,0.28200000524520874,0
2013-12-25,0.2821199893951416,0.2821199893951416,0.2821199893951416,0.2821199893951416,0
2013-12-26,0.2821199893951416,0.2824999988079071,0.28209999203681946,0.2821199893951416,0
2013-12-27,0.28235000371932983,0.28235000371932983,0.281139999628067,0.2821199893951416,0
2013-12-30,0.2820500135421753,0.2820900082588196,0.28143998980522156,0.2820500135421753,0
2013-12-31,0.2814599871635437,0.28200000524520874,0.28143998980522156,0.28147000074386597,0
2014-01-01,0.28189998865127563,0.28189998865127563,0.28189998865127563,0.28189998865127563,0
2014-01-02,0.28189998865127563,0.2823300063610077,0.2817400097846985,0.28189998865127563,0
2014-01-03,0.28189998865127563,0.28240999579429626,0.28185001015663147,0.28189998865127563,0
2014-01-06,0.2818099856376648,0.28248000144958496,0.2818099856376648,0.2818099856376648,0
2014-01-07,0.28189998865127563,0.2824699878692627,0.2815999984741211,0.28189998865127563,0
2014-01-08,0.28189998865127563,0.2826499938964844,0.2815999984741211,0.28189998865127563,0
2014-01-09,0.2825399935245514,0.2826699912548065,0.28189998865127563,0.28189998865127563,0
2014-01-10,0.28189998865127563,0.28259000182151794,0.28172001242637634,0.2824299931526184,0
2014-01-13,0.28189998865127563,0.2824999988079071,0.28189998865127563,0.28189998865127563,0
2014-01-14,0.28189998865127563,0.2824000120162964,0.28189998865127563,0.28189998865127563,0
2014-01-15,0.282150000333786,0.28279998898506165,0.2819499969482422,0.2819499969482422,0
2014-01-16,0.2824699878692627,0.2827000021934509,0.2820500135421753,0.2824699878692627,0
2014-01-17,0.2820500135421753,0.28266000747680664,0.2820500135421753,0.2820500135421753,0
2014-01-20,0.2820500135421753,0.2827099859714508,0.2820500135421753,0.2820500135421753,0
2014-01-21,0.2825999855995178,0.2829599976539612,0.2818000018596649,0.2825999855995178,0
2014-01-22,0.28290000557899475,0.28290000557899475,0.2819100022315979,0.2825999855995178,0
2014-01-23,0.28238001465797424,0.2828499972820282,0.28185001015663147,0.282370001077652,0
2014-01-24,0.282370001077652,0.28238001465797424,0.2817099988460541,0.282370001077652,0
2014-01-27,0.28174999356269836,0.282150000333786,0.2816999852657318,0.28174999356269836,0
2014-01-28,0.2818700075149536,0.28231000900268555,0.28165000677108765,0.28165000677108765,0
2014-01-29,0.28200000524520874,0.28235000371932983,0.28165000677108765,0.28165000677108765,0
2014-01-30,0.28176000714302063,0.28238001465797424,0.28139999508857727,0.28176000714302063,0
2014-01-31,0.28224000334739685,0.28290998935699463,0.28165000677108765,0.2816999852657318,0
2014-02-03,0.2820500135421753,0.28279998898506165,0.28174999356269836,0.2820500135421753,0
2014-02-04,0.2818300127983093,0.28279998898506165,0.2818300127983093,0.2818300127983093,0
2014-02-05,0.2827500104904175,0.28279998898506165,0.2821199893951416,0.2823300063610077,0
2014-02-06,0.2821899950504303,0.2827000021934509,0.28202998638153076,0.2821899950504303,0
2014-02-07,0.2822900116443634,0.2827500104904175,0.2819499969482422,0.28224998712539673,0
2014-02-10,0.2824999988079071,0.2827000021934509,0.28185001015663147,0.2824999988079071,0
2014-02-11,0.2818700075149536,0.28224998712539673,0.28172001242637634,0.2818700075149536,0
2014-02-12,0.2819499969482422,0.28224998712539673,0.2817099988460541,0.2819800078868866,0
2014-02-13,0.28185001015663147,0.282150000333786,0.2815600037574768,0.28185999393463135,0
2014-02-14,0.28158000111579895,0.2816999852657318,0.28134000301361084,0.28158000111579895,0
2014-02-17,0.2813299894332886,0.28174999356269836,0.2811500132083893,0.2813299894332886,0
2014-02-18,0.28141000866889954,0.2819800078868866,0.2811500132083893,0.2811500132083893,0
2014-02-19,0.28123998641967773,0.2818000018596649,0.2809000015258789,0.28123000264167786,0
2014-02-20,0.28123000264167786,0.2818000018596649,0.2810699939727783,0.28123000264167786,0
2014-02-21,0.28130999207496643,0.28141000866889954,0.2809000015258789,0.2812899947166443,0
2014-02-24,0.2815000116825104,0.2818000018596649,0.2811500132083893,0.2815000116825104,0
2014-02-25,0.28125,0.2818000018596649,0.2808600068092346,0.28125,0
2014-02-26,0.281139999628067,0.28174999356269836,0.2809700071811676,0.281139999628067,0
2014-02-27,0.2813299894332886,0.281360000371933,0.2813299894332886,0.281360000371933,0
2014-02-28,0.2811500132083893,0.28174999356269836,0.2808000147342682,0.2811500132083893,0
2014-03-03,0.28088998794555664,0.2809999883174896,0.2807700037956238,0.28088998794555664,0
2014-03-04,0.28102999925613403,0.28139999508857727,0.2808600068092346,0.28102999925613403,0
2014-03-05,0.28110000491142273,0.28139999508857727,0.28110000491142273,0.28110000491142273,0
2014-03-06,0.28110000491142273,0.28139999508857727,0.2809300124645233,0.28139999508857727,0
2014-03-07,0.28110000491142273,0.2813299894332886,0.2805500030517578,0.28110000491142273,0
2014-03-10,0.28125,0.28125,0.2806999981403351,0.28125,0
2014-03-11,0.28077998757362366,0.28174999356269836,0.2807900011539459,0.28110000491142273,0
2014-03-12,0.28110000491142273,0.28110000491142273,0.2806200087070465,0.28110000491142273,0
2014-03-13,0.28110000491142273,0.28110000491142273,0.28042998909950256,0.28110000491142273,0
2014-03-14,0.28110000491142273,0.28110000491142273,0.2804900109767914,0.28110000491142273,0
2014-03-17,0.28110000491142273,0.28110000491142273,0.2805500030517578,0.28110000491142273,0
2014-03-18,0.28110000491142273,0.28110000491142273,0.28057000041007996,0.28110000491142273,0
2014-03-19,0.28110000491142273,0.28110000491142273,0.28049999475479126,0.28110000491142273,0
2014-03-20,0.28110000491142273,0.28137001395225525,0.28068000078201294,0.28110000491142273,0
2014-03-21,0.2810499966144562,0.28139999508857727,0.2809000015258789,0.2810499966144562,0
2014-03-24,0.2810499966144562,0.2815699875354767,0.2810499966144562,0.2810499966144562,0
2014-03-25,0.28125,0.28174999356269836,0.2809000015258789,0.2810499966144562,0
2014-03-26,0.28110000491142273,0.28174999356269836,0.2810800075531006,0.28110000491142273,0
2014-03-27,0.28110000491142273,0.2815000116825104,0.2809000015258789,0.2809000015258789,0
2014-03-28,0.28110000491142273,0.2815000116825104,0.28084999322891235,0.28110000491142273,0
2014-03-31,0.28110000491142273,0.2815000116825104,0.28084999322891235,0.28110000491142273,0
2014-04-01,0.281139999628067,0.28174999356269836,0.28084999322891235,0.281139999628067,0
2014-04-02,0.28115999698638916,0.28125,0.2808000147342682,0.28115999698638916,0
2014-04-03,0.28126999735832214,0.2815699875354767,0.28110000491142273,0.28126001358032227,0
2014-04-04,0.2815200090408325,0.2818000018596649,0.2814899981021881,0.2815200090408325,0
2014-04-07,0.28158000111579895,0.2818000018596649,0.281139999628067,0.28158000111579895,0
2014-04-08,0.281139999628067,0.28165000677108765,0.28084999322891235,0.281139999628067,0
2014-04-09,0.2808600068092346,0.28174999356269836,0.2808000147342682,0.2808600068092346,0
2014-04-10,0.2808400094509125,0.28112998604774475,0.2804099917411804,0.2808400094509125,0
2014-04-11,0.2804200053215027,0.28112998604774475,0.2804200053215027,0.2804200053215027,0
2014-04-14,0.28049999475479126,0.28110000491142273,0.28049999475479126,0.28049999475479126,0
2014-04-15,0.28110000491142273,0.2815299928188324,0.2806999981403351,0.28080999851226807,0
2014-04-16,0.28080999851226807,0.28112998604774475,0.2806299924850464,0.28080999851226807,0
2014-04-17,0.2807300090789795,0.2811500132083893,0.2805599868297577,0.28110000491142273,0
2014-04-18,0.28110000491142273,0.2811500132083893,0.28110000491142273,0.28110000491142273,0
2014-04-21,0.28110000491142273,0.28110000491142273,0.2810499966144562,0.28110000491142273,0
2014-04-22,0.28110000491142273,0.28112998604774475,0.2807700037956238,0.28110000491142273,0
2014-04-23,0.28080999851226807,0.28112998604774475,0.28068000078201294,0.2808299958705902,0
2014-04-24,0.2808299958705902,0.28110000491142273,0.28071001172065735,0.2808299958705902,0
2014-04-25,0.28068000078201294,0.28112998604774475,0.28049999475479126,0.28068000078201294,0
2014-04-28,0.2806699872016907,0.28112998604774475,0.28053000569343567,0.2806699872016907,0
2014-04-29,0.28068000078201294,0.28125,0.2806299924850464,0.28068000078201294,0
2014-04-30,0.28088998794555664,0.2809999883174896,0.2804900109767914,0.28088998794555664,0
2014-05-01,0.280460000038147,0.2809000015258789,0.2803800106048584,0.280460000038147,0
2014-05-02,0.28040000796318054,0.2809300124645233,0.28040000796318054,0.28040000796318054,0
2014-05-05,0.2805899977684021,0.2814500033855438,0.2804900109767914,0.2805899977684021,0
2014-05-06,0.2805500030517578,0.2814500033855438,0.28014999628067017,0.2805500030517578,0
2014-05-07,0.2802000045776367,0.28112998604774475,0.28009000420570374,0.2801699936389923,0
2014-05-08,0.28022000193595886,0.28077998757362366,0.27994999289512634,0.2800000011920929,0
2014-05-09,0.28053998947143555,0.2809999883174896,0.2800999879837036,0.2800999879837036,0
2014-05-12,0.2807599902153015,0.28119999170303345,0.2807300090789795,0.2807599902153015,0
2014-05-13,0.2809000015258789,0.28139999508857727,0.28080999851226807,0.2809000015258789,0
2014-05-14,0.2812199890613556,0.28174999356269836,0.28075000643730164,0.28075000643730164,0
2014-05-15,0.2812800109386444,0.28174999356269836,0.28095000982284546,0.2812800109386444,0
2014-05-16,0.28075000643730164,0.28174999356269836,0.28075000643730164,0.28075000643730164,0
2014-05-19,0.2814500033855438,0.2816999852657318,0.2812800109386444,0.2814500033855438,0
2014-05-20,0.2814500033855438,0.2816999852657318,0.28075000643730164,0.28095000982284546,0
2014-05-21,0.2813200056552887,0.2816999852657318,0.28095000982284546,0.28130999207496643,0
2014-05-22,0.28126001358032227,0.2818000018596649,0.2810499966144562,0.2812800109386444,0
2014-05-23,0.2813299894332886,0.2818000018596649,0.2813299894332886,0.2813299894332886,0
2014-05-26,0.2815999984741211,0.2815999984741211,0.28130000829696655,0.2815999984741211,0
2014-05-27,0.28148001432418823,0.28174999356269836,0.28119999170303345,0.2814599871635437,0
2014-05-28,0.2815200090408325,0.28200000524520874,0.2813499867916107,0.28154000639915466,0
2014-05-29,0.2815699875354767,0.28174999356269836,0.28141000866889954,0.2815699875354767,0
2014-05-30,0.2815900146961212,0.28174999356269836,0.28134000301361084,0.2815900146961212,0
2014-06-02,0.28139999508857727,0.2818000018596649,0.281360000371933,0.28139999508857727,0
2014-06-03,0.28075000643730164,0.2818000018596649,0.2813499867916107,0.2813499867916107,0
2014-06-04,0.28161999583244324,0.28174999356269836,0.28148001432418823,0.28161999583244324,0
2014-06-05,0.2816999852657318,0.2819499969482422,0.2814500033855438,0.2816999852657318,0
2014-06-06,0.2816999852657318,0.28200000524520874,0.28130000829696655,0.28137001395225525,0
2014-06-09,0.2814899981021881,0.28185001015663147,0.28147000074386597,0.2815299928188324,0
2014-06-10,0.28161999583244324,0.28185001015663147,0.2813499867916107,0.2815999984741211,0
2014-06-11,0.2818000018596649,0.2820200026035309,0.2806999981403351,0.2818000018596649,0
2014-06-12,0.2817299962043762,0.28213000297546387,0.2813799977302551,0.2817299962043762,0
2014-06-13,0.2814899981021881,0.28200000524520874,0.2814599871635437,0.2814899981021881,0
2014-06-16,0.2816700041294098,0.2818000018596649,0.28161001205444336,0.2816700041294098,0
2014-06-17,0.28189998865127563,0.28224998712539673,0.28139999508857727,0.28172001242637634,0
2014-06-18,0.2816399931907654,0.2820099890232086,0.28119999170303345,0.2816399931907654,0
2014-06-19,0.2813900113105774,0.28189998865127563,0.281360000371933,0.2813900113105774,0
2014-06-20,0.2814500033855438,0.28189998865127563,0.281360000371933,0.2814500033855438,0
2014-06-23,0.2815900146961212,0.2819100022315979,0.28139999508857727,0.2815999984741211,0
2014-06-24,0.2815000116825104,0.2819100022315979,0.28139999508857727,0.2815200090408325,0
2014-06-25,0.28154000639915466,0.2818000018596649,0.28130999207496643,0.28154000639915466,0
2014-06-26,0.2814599871635437,0.2818000018596649,0.2814199924468994,0.2814599871635437,0
2014-06-27,0.2814300060272217,0.28185001015663147,0.28130000829696655,0.2814300060272217,0
2014-06-30,0.28126001358032227,0.28174999356269836,0.2810400128364563,0.28126001358032227,0
2014-07-01,0.28101998567581177,0.2818000018596649,0.2810100018978119,0.28101998567581177,0
2014-07-02,0.281360000371933,0.2818099856376648,0.28123000264167786,0.28137001395225525,0
2014-07-03,0.2814199924468994,0.2816999852657318,0.28123000264167786,0.2814199924468994,0
2014-07-04,0.28158000111579895,0.2815999984741211,0.2813499867916107,0.28158000111579895,0
2014-07-07,0.28150999546051025,0.28174999356269836,0.2814500033855438,0.28150999546051025,0
2014-07-08,0.28148001432418823,0.28189998865127563,0.2814500033855438,0.28148001432418823,0
2014-07-09,0.28148001432418823,0.2818000018596649,0.28143998980522156,0.28148001432418823,0
2014-07-10,0.28143998980522156,0.28189998865127563,0.28095000982284546,0.28139999508857727,0
2014-07-11,0.2815200090408325,0.28174999356269836,0.28148001432418823,0.2815200090408325,0
2014-07-14,0.2814899981021881,0.28189998865127563,0.28148001432418823,0.2814899981021881,0
2014-07-15,0.28158000111579895,0.28200000524520874,0.28148001432418823,0.28158000111579895,0
2014-07-16,0.2816399931907654,0.2819199860095978,0.2816399931907654,0.2816399931907654,0
2014-07-17,0.28172001242637634,0.28196999430656433,0.28154999017715454,0.28172001242637634,0
2014-07-18,0.28192999958992004,0.2820500135421753,0.2818300127983093,0.2819199860095978,0
2014-07-21,0.28189998865127563,0.28235000371932983,0.28181999921798706,0.28189998865127563,0
2014-07-22,0.2818700075149536,0.28224998712539673,0.2815999984741211,0.2818700075149536,0
2014-07-23,0.28207001090049744,0.28235000371932983,0.28174999356269836,0.28205999732017517,0
2014-07-24,0.2821600139141083,0.2823599874973297,0.28185999393463135,0.28213998675346375,0
2014-07-25,0.2822900116443634,0.28242000937461853,0.28224000334739685,0.2822900116443634,0
2014-07-28,0.2824400067329407,0.2826499938964844,0.28231000900268555,0.2824400067329407,0
2014-07-29,0.2823899984359741,0.28262001276016235,0.28238001465797424,0.2823899984359741,0
2014-07-30,0.2825700044631958,0.2829500138759613,0.28238001465797424,0.2825700044631958,0
2014-07-31,0.28282999992370605,0.28290000557899475,0.2823300063610077,0.28282999992370605,0
2014-08-01,0.28275999426841736,0.28299999237060547,0.2825700044631958,0.28275999426841736,0
2014-08-04,0.28266000747680664,0.28299999237060547,0.2825999855995178,0.28266000747680664,0
2014-08-05,0.2825999855995178,0.2831999957561493,0.2826099991798401,0.2826099991798401,0
2014-08-06,0.2828400135040283,0.2831000089645386,0.2827500104904175,0.28286001086235046,0
2014-08-07,0.2826800048351288,0.2831000089645386,0.28266000747680664,0.2826800048351288,0
2014-08-08,0.28290000557899475,0.28299999237060547,0.28266000747680664,0.28290000557899475,0
2014-08-11,0.2827500104904175,0.2833000123500824,0.2827500104904175,0.2827500104904175,0
2014-08-12,0.2828199863433838,0.2831999957561493,0.28279998898506165,0.2828199863433838,0
2014-08-13,0.2827799916267395,0.2829799950122833,0.2827500104904175,0.28279000520706177,0
2014-08-14,0.2829500138759613,0.28325000405311584,0.28279998898506165,0.2829500138759613,0
2014-08-15,0.2829500138759613,0.28325000405311584,0.28286001086235046,0.2829500138759613,0
2014-08-18,0.28279998898506165,0.28314000368118286,0.28297001123428345,0.28297001123428345,0
2014-08-19,0.28314998745918274,0.2832599878311157,0.2829500138759613,0.283160001039505,0
2014-08-20,0.283270001411438,0.2833999991416931,0.2829500138759613,0.2829500138759613,0
2014-08-21,0.28356999158859253,0.2839199900627136,0.2833699882030487,0.2835899889469147,0
2014-08-22,0.28334999084472656,0.2837499976158142,0.2836099863052368,0.28369998931884766,0
2014-08-25,0.28338998556137085,0.28404998779296875,0.28338998556137085,0.28338998556137085,0
2014-08-26,0.28393998742103577,0.28404998779296875,0.28380998969078064,0.28393998742103577,0
2014-08-27,0.28415998816490173,0.2842000126838684,0.28384000062942505,0.28415998816490173,0
2014-08-28,0.28384000062942505,0.2840699851512909,0.28369998931884766,0.28384000062942505,0
2014-08-29,0.2840000092983246,0.28415000438690186,0.2840000092983246,0.2840000092983246,0
2014-09-01,0.2842099964618683,0.2843100130558014,0.2842099964618683,0.2842099964618683,0
2014-09-02,0.28426000475883484,0.2846300005912781,0.2841300070285797,0.28426000475883484,0
2014-09-03,0.28457000851631165,0.28466999530792236,0.2838999927043915,0.28457000851631165,0
2014-09-04,0.2844400107860565,0.28554001450538635,0.2841300070285797,0.2844400107860565,0
2014-09-05,0.28560999035835266,0.28565001487731934,0.2852100133895874,0.28560999035835266,0
2014-09-08,0.2853600084781647,0.2858000099658966,0.2853600084781647,0.2853600084781647,0
2014-09-09,0.2860099971294403,0.2865999937057495,0.2849999964237213,0.2860099971294403,0
2014-09-10,0.28593000769615173,0.2865999937057495,0.2856000065803528,0.28593000769615173,0
2014-09-11,0.28610000014305115,0.28654998540878296,0.28582000732421875,0.28610000014305115,0
2014-09-12,0.28598999977111816,0.2865000069141388,0.2834100127220154,0.28598999977111816,0
2014-09-15,0.2858999967575073,0.2865000069141388,0.2858999967575073,0.2858999967575073,0
2014-09-16,0.2861500084400177,0.28654998540878296,0.28598999977111816,0.2861500084400177,0
2014-09-17,0.2861500084400177,0.2865000069141388,0.2859399914741516,0.2861500084400177,0
2014-09-18,0.28668999671936035,0.28690001368522644,0.28600001335144043,0.2866100072860718,0
2014-09-19,0.2865299880504608,0.2870999872684479,0.2864699959754944,0.2865299880504608,0
2014-09-22,0.28703999519348145,0.2873699963092804,0.2867000102996826,0.28703999519348145,0
2014-09-23,0.2867699861526489,0.28734999895095825,0.2867000102996826,0.2867699861526489,0
2014-09-24,0.2868799865245819,0.28744998574256897,0.28665000200271606,0.2868799865245819,0
2014-09-25,0.2872300148010254,0.28753000497817993,0.28665000200271606,0.28665000200271606,0
2014-09-26,0.2871600091457367,0.28769999742507935,0.2871600091457367,0.2871600091457367,0
2014-09-29,0.2875500023365021,0.2879999876022339,0.28749001026153564,0.2875500023365021,0
2014-09-30,0.28758999705314636,0.28817999362945557,0.2875100076198578,0.28758999705314636,0
2014-10-01,0.28790000081062317,0.2882100045681,0.2875500023365021,0.28790000081062317,0
2014-10-02,0.2877900004386902,0.2883000075817108,0.2875100076198578,0.2877900004386902,0
2014-10-03,0.2878200113773346,0.28889000415802,0.2878200113773346,0.2878200113773346,0
2014-10-06,0.2888599932193756,0.2888599932193756,0.28832000494003296,0.2888599932193756,0
2014-10-07,0.28808000683784485,0.2888000011444092,0.2879199981689453,0.28812000155448914,0
2014-10-08,0.28780001401901245,0.28859999775886536,0.2874000072479248,0.2879199981689453,0
2014-10-09,0.28753000497817993,0.28859999775886536,0.28738999366760254,0.2875399887561798,0
2014-10-10,0.2880600094795227,0.2884399890899658,0.28773000836372375,0.28804999589920044,0
2014-10-13,0.2883400022983551,0.28859999775886536,0.2881399989128113,0.2883400022983551,0
2014-10-14,0.28810998797416687,0.2885800004005432,0.2876499891281128,0.28810998797416687,0
2014-10-15,0.2885800004005432,0.2888000011444092,0.2877199947834015,0.288100004196167,0
2014-10-16,0.28760001063346863,0.28845998644828796,0.2875399887561798,0.28760001063346863,0
2014-10-17,0.2880200147628784,0.28843000531196594,0.2876499891281128,0.2880200147628784,0
2014-10-20,0.28824999928474426,0.28850001096725464,0.287990003824234,0.28824999928474426,0
2014-10-21,0.2879300117492676,0.28863999247550964,0.2877100110054016,0.28793999552726746,0
2014-10-22,0.2887299954891205,0.28889000415802,0.28839999437332153,0.28870999813079834,0
2014-10-23,0.2888700067996979,0.2892000079154968,0.288100004196167,0.28889000415802,0
2014-10-24,0.28881001472473145,0.2891499996185303,0.2884500026702881,0.28881001472473145,0
2014-10-27,0.2887600064277649,0.2888999879360199,0.2886199951171875,0.2887600064277649,0
2014-10-28,0.28870001435279846,0.2888000011444092,0.28843000531196594,0.2887299954891205,0
2014-10-29,0.28859999775886536,0.2887299954891205,0.2885099947452545,0.2885900139808655,0
2014-10-30,0.28925999999046326,0.2894099950790405,0.2888599932193756,0.28929999470710754,0
2014-10-31,0.2890399992465973,0.28988999128341675,0.28863000869750977,0.2890099883079529,0
2014-11-03,0.2897599935531616,0.28995001316070557,0.2897599935531616,0.2897599935531616,0
2014-11-04,0.28988999128341675,0.2899700105190277,0.28957998752593994,0.2898600101470947,0
2014-11-05,0.2895900011062622,0.2906999886035919,0.2895500063896179,0.2896200120449066,0
2014-11-06,0.2904300093650818,0.29109999537467957,0.28975000977516174,0.2903900146484375,0
2014-11-07,0.2911899983882904,0.2913399934768677,0.29061999917030334,0.291159987449646,0
2014-11-10,0.2908799946308136,0.2908799946308136,0.29041001200675964,0.2908799946308136,0
2014-11-11,0.2908799946308136,0.2909500002861023,0.290149986743927,0.2909199893474579,0
2014-11-12,0.2904199957847595,0.29100000858306885,0.290149986743927,0.2904700040817261,0
2014-11-13,0.29089000821113586,0.290910005569458,0.290149986743927,0.29082998633384705,0
2014-11-14,0.29069000482559204,0.2911899983882904,0.290149986743927,0.290149986743927,0
2014-11-17,0.29054999351501465,0.29096999764442444,0.2900499999523163,0.29054999351501465,0
2014-11-18,0.291020005941391,0.2909800112247467,0.2903499901294708,0.2909800112247467,0
2014-11-19,0.2904900014400482,0.29072999954223633,0.2903499901294708,0.2905600070953369,0
2014-11-20,0.29058998823165894,0.29082000255584717,0.29010000824928284,0.2903499901294708,0
2014-11-21,0.2906099855899811,0.2909500002861023,0.29019999504089355,0.29058000445365906,0
2014-11-24,0.2904999852180481,0.29109999537467957,0.290149986743927,0.2904999852180481,0
2014-11-25,0.2906000018119812,0.2908099889755249,0.2905200123786926,0.2906300127506256,0
2014-11-26,0.2904700040817261,0.290800005197525,0.29043999314308167,0.2904599905014038,0
2014-11-27,0.29045000672340393,0.29065999388694763,0.29041001200675964,0.2904599905014038,0
2014-11-28,0.29054999351501465,0.29100000858306885,0.2904999852180481,0.2904999852180481,0
2014-12-01,0.2910799980163574,0.2911800146102905,0.29045000672340393,0.2910799980163574,0
2014-12-02,0.2905600070953369,0.2915000021457672,0.2905600070953369,0.2905600070953369,0
2014-12-03,0.29140999913215637,0.29159998893737793,0.290800005197525,0.290800005197525,0
2014-12-04,0.29137998819351196,0.2914400100708008,0.2908399999141693,0.291049987077713,0
2014-12-05,0.291049987077713,0.29179999232292175,0.29104000329971313,0.2912999987602234,0
2014-12-08,0.29159998893737793,0.2917799949645996,0.2914299964904785,0.29159998893737793,0
2014-12-09,0.29120001196861267,0.29162999987602234,0.29071998596191406,0.2912600040435791,0
2014-12-10,0.29113999009132385,0.29155001044273376,0.29100000858306885,0.2913999855518341,0
2014-12-11,0.29078999161720276,0.2915000021457672,0.2905600070953369,0.2905699908733368,0
2014-12-12,0.2913999855518341,0.2915000021457672,0.2910099923610687,0.2913999855518341,0
2014-12-15,0.2910900115966797,0.29170000553131104,0.29107001423835754,0.2910900115966797,0
2014-12-16,0.2911199927330017,0.29170000553131104,0.2907800078392029,0.29113999009132385,0
2014-12-17,0.2912600040435791,0.29190000891685486,0.29100000858306885,0.2912999987602234,0
2014-12-18,0.2922700047492981,0.29232001304626465,0.2915000021457672,0.29232001304626465,0
2014-12-19,0.2919900119304657,0.29218998551368713,0.2903999984264374,0.29159998893737793,0
2014-12-22,0.29249998927116394,0.29249998927116394,0.2920199930667877,0.2921999990940094,0
2014-12-23,0.29232001304626465,0.29260000586509705,0.2919299900531769,0.2923099994659424,0
2014-12-24,0.2925400137901306,0.29260000586509705,0.2919999957084656,0.2925199866294861,0
2014-12-25,0.2925499975681305,0.2925499975681305,0.2925499975681305,0.2925499975681305,0
2014-12-26,0.29218998551368713,0.29218998551368713,0.29218998551368713,0.29218998551368713,0
2014-12-29,0.2926500141620636,0.29280000925064087,0.29218998551368713,0.29218998551368713,0
2014-12-30,0.2926099896430969,0.29267001152038574,0.29201000928878784,0.2926099896430969,0
2014-12-31,0.2921299934387207,0.29280000925064087,0.2921000123023987,0.29214000701904297,0
2015-01-01,0.2924000024795532,0.2924000024795532,0.2924000024795532,0.2924000024795532,0
2015-01-02,0.2924000024795532,0.2931700050830841,0.2924000024795532,0.2924000024795532,0
2015-01-05,0.2932400107383728,0.2934100031852722,0.29269999265670776,0.2932400107383728,0
2015-01-06,0.29315000772476196,0.2937000095844269,0.29315000772476196,0.29315000772476196,0
2015-01-07,0.29346999526023865,0.2936300039291382,0.29319998621940613,0.29346999526023865,0
2015-01-08,0.2935299873352051,0.2941499948501587,0.2930999994277954,0.29350998997688293,0
2015-01-09,0.2937000095844269,0.29368001222610474,0.2932099997997284,0.2934499979019165,0
2015-01-12,0.2931399941444397,0.29409998655319214,0.2931399941444397,0.2931399941444397,0
2015-01-13,0.2934100031852722,0.2939000129699707,0.2934100031852722,0.2934100031852722,0
2015-01-14,0.2936199903488159,0.2939000129699707,0.293179988861084,0.2936199903488159,0
2015-01-15,0.29346999526023865,0.294050008058548,0.29197001457214355,0.29346999526023865,0
2015-01-16,0.2931300103664398,0.2937000095844269,0.2930999994277954,0.2931300103664398,0
2015-01-19,0.29374998807907104,0.29374998807907104,0.29354000091552734,0.29374998807907104,0
2015-01-20,0.29354000091552734,0.29394999146461487,0.2934499979019165,0.29374000430107117,0
2015-01-21,0.2936600148677826,0.29374998807907104,0.29302000999450684,0.2934499979019165,0
2015-01-22,0.2933900058269501,0.29427000880241394,0.29330000281333923,0.2933900058269501,0
2015-01-23,0.29493001103401184,0.2953700125217438,0.2939999997615814,0.2939999997615814,0
2015-01-26,0.29510998725891113,0.29510998725891113,0.2941499948501587,0.29510998725891113,0
2015-01-27,0.29464998841285706,0.29469001293182373,0.29396000504493713,0.2944500148296356,0
2015-01-28,0.2942099869251251,0.29510000348091125,0.2941800057888031,0.2944500148296356,0
2015-01-29,0.29486000537872314,0.29510000348091125,0.2944500148296356,0.29490000009536743,0
2015-01-30,0.2950499951839447,0.2950499951839447,0.2944500148296356,0.2944500148296356,0
2015-02-02,0.2946600019931793,0.294730007648468,0.2943899929523468,0.2946600019931793,0
2015-02-03,0.2944999933242798,0.2944999933242798,0.29339998960494995,0.2944999933242798,0
2015-02-04,0.29368001222610474,0.2946000099182129,0.29368001222610474,0.29368001222610474,0
2015-02-05,0.29482999444007874,0.29482999444007874,0.29385000467300415,0.29482999444007874,0
2015-02-06,0.294050008058548,0.294840008020401,0.29374998807907104,0.294050008058548,0
2015-02-09,0.2949100136756897,0.2953000068664551,0.2949100136756897,0.2949100136756897,0
2015-02-10,0.294979989528656,0.2953000068664551,0.29440000653266907,0.294979989528656,0
2015-02-11,0.2950499951839447,0.2955000102519989,0.29455000162124634,0.2950499951839447,0
2015-02-12,0.2950100004673004,0.2955999970436096,0.2947100102901459,0.2950100004673004,0
2015-02-13,0.2947100102901459,0.29534998536109924,0.29447999596595764,0.2947100102901459,0
2015-02-16,0.29469001293182373,0.29506000876426697,0.29469001293182373,0.29469001293182373,0
2015-02-17,0.29541000723838806,0.29554998874664307,0.2946999967098236,0.29541000723838806,0
2015-02-18,0.2951900064945221,0.2955999970436096,0.29506999254226685,0.2953999936580658,0
2015-02-19,0.29502999782562256,0.2955999970436096,0.2949100136756897,0.29502999782562256,0
2015-02-20,0.29545000195503235,0.2957499921321869,0.29526999592781067,0.2953200042247772,0
2015-02-23,0.295089989900589,0.2955099940299988,0.295089989900589,0.295089989900589,0
2015-02-24,0.2953700125217438,0.29589998722076416,0.2950499951839447,0.29541999101638794,0
2015-02-25,0.29534000158309937,0.2957499921321869,0.2950400114059448,0.29534000158309937,0
2015-02-26,0.295089989900589,0.2958599925041199,0.2950499951839447,0.295089989900589,0
2015-02-27,0.2959200143814087,0.2959200143814087,0.2951500117778778,0.2959200143814087,0
2015-03-02,0.29554998874664307,0.2964499890804291,0.29554998874664307,0.29554998874664307,0
2015-03-03,0.29603999853134155,0.2964499890804291,0.29583001136779785,0.29603999853134155,0
2015-03-04,0.296099990606308,0.2966200113296509,0.296099990606308,0.296099990606308,0
2015-03-05,0.2965700030326843,0.2971000075340271,0.29600000381469727,0.29659000039100647,0
2015-03-06,0.296889990568161,0.2977699935436249,0.29660001397132874,0.296889990568161,0
2015-03-09,0.29782000184059143,0.2980499863624573,0.29756999015808105,0.29782000184059143,0
2015-03-10,0.2977699935436249,0.2985000014305115,0.2977299988269806,0.2979699969291687,0
2015-03-11,0.2982499897480011,0.2992500066757202,0.2983100116252899,0.29848000407218933,0
2015-03-12,0.29938000440597534,0.2995299994945526,0.298550009727478,0.298550009727478,0
2015-03-13,0.2990500032901764,0.29989999532699585,0.2990500032901764,0.2990500032901764,0
2015-03-16,0.2998400032520294,0.29989999532699585,0.2992999851703644,0.2998400032520294,0
2015-03-17,0.2993899881839752,0.29980000853538513,0.29934999346733093,0.2993899881839752,0
2015-03-18,0.29940998554229736,0.30000001192092896,0.2993600070476532,0.29940998554229736,0
2015-03-19,0.2983900010585785,0.2999500036239624,0.29815998673439026,0.29815998673439026,0
2015-03-20,0.29945001006126404,0.29965999722480774,0.2989400029182434,0.29945001006126404,0
2015-03-23,0.2988699972629547,0.29945001006126404,0.2988100051879883,0.2988699972629547,0
2015-03-24,0.2988399863243103,0.2994999885559082,0.2985999882221222,0.2988399863243103,0
2015-03-25,0.2991200089454651,0.29965001344680786,0.298799991607666,0.298799991607666,0
2015-03-26,0.298880010843277,0.29965001344680786,0.2987000048160553,0.298880010843277,0
2015-03-27,0.29934999346733093,0.29976001381874084,0.2989000082015991,0.2989000082015991,0
2015-03-30,0.29930999875068665,0.3000499904155731,0.2992500066757202,0.29930999875068665,0
2015-03-31,0.30004000663757324,0.30052998661994934,0.2994000017642975,0.2999800145626068,0
2015-04-01,0.3003000020980835,0.300680011510849,0.2997500002384186,0.30028000473976135,0
2015-04-02,0.3001599907875061,0.3003999888896942,0.29971998929977417,0.30013999342918396,0
2015-04-03,0.299919992685318,0.299919992685318,0.299919992685318,0.299919992685318,0
2015-04-06,0.299919992685318,0.2999500036239624,0.29989999532699585,0.299919992685318,0
2015-04-07,0.299919992685318,0.30028998851776123,0.20000000298023224,0.299919992685318,0
2015-04-08,0.300680011510849,0.30079999566078186,0.299699991941452,0.299699991941452,0
2015-04-09,0.3008500039577484,0.30153000354766846,0.3002600073814392,0.30083999037742615,0
2015-04-10,0.30177000164985657,0.30184000730514526,0.30090001225471497,0.30177000164985657,0
2015-04-13,0.30160999298095703,0.30215001106262207,0.30160999298095703,0.30160999298095703,0
2015-04-14,0.301829993724823,0.301829993724823,0.3010900020599365,0.301829993724823,0
2015-04-15,0.3016499876976013,0.3018600046634674,0.3012999892234802,0.3012999892234802,0
2015-04-16,0.30138999223709106,0.3019999861717224,0.30110999941825867,0.30138999223709106,0
2015-04-17,0.3012300133705139,0.30160000920295715,0.30066999793052673,0.3012300133705139,0
2015-04-20,0.300819993019104,0.30169999599456787,0.3014099895954132,0.3014099895954132,0
2015-04-21,0.3017300069332123,0.3021000027656555,0.3014099895954132,0.3017300069332123,0
2015-04-22,0.301580011844635,0.30239999294281006,0.3013499975204468,0.301580011844635,0
2015-04-23,0.30239999294281006,0.30254998803138733,0.30177998542785645,0.3020400106906891,0
2015-04-24,0.301829993724823,0.30191001296043396,0.30110999941825867,0.30160000920295715,0
2015-04-27,0.30118000507354736,0.3022499978542328,0.30118000507354736,0.30118000507354736,0
2015-04-28,0.30149999260902405,0.3017599880695343,0.3010999858379364,0.30149999260902405,0
2015-04-29,0.30112001299858093,0.3016499876976013,0.3004400134086609,0.30112001299858093,0
2015-04-30,0.3007600009441376,0.30160000920295715,0.3006899952888489,0.3007600009441376,0
2015-05-01,0.3011299967765808,0.30160000920295715,0.3011299967765808,0.3011299967765808,0
2015-05-04,0.3011299967765808,0.3014500141143799,0.300929993391037,0.3011299967765808,0
2015-05-05,0.3011299967765808,0.3015500009059906,0.3009999990463257,0.3011299967765808,0
2015-05-06,0.3011299967765808,0.30156001448631287,0.30063000321388245,0.3011600077152252,0
2015-05-07,0.30083000659942627,0.3015500009059906,0.3007499873638153,0.3012300133705139,0
2015-05-08,0.3012300133705139,0.3016299903392792,0.30094999074935913,0.30094999074935913,0
2015-05-11,0.3014500141143799,0.30153000354766846,0.3012099862098694,0.3014500141143799,0
2015-05-12,0.30153000354766846,0.30169999599456787,0.3011400103569031,0.30153000354766846,0
2015-05-13,0.3014200031757355,0.30153000354766846,0.3004400134086609,0.3014200031757355,0
2015-05-14,0.300570011138916,0.3013499975204468,0.3003599941730499,0.30055999755859375,0
2015-05-15,0.3004299998283386,0.3012300133705139,0.3003000020980835,0.3004100024700165,0
2015-05-18,0.3003399968147278,0.3010999858379364,0.3003399968147278,0.3003399968147278,0
2015-05-19,0.3010599911212921,0.30177998542785645,0.300680011510849,0.30105000734329224,0
2015-05-20,0.3016499876976013,0.3019999861717224,0.3012999892234802,0.3016799986362457,0
2015-05-21,0.3016299903392792,0.30195000767707825,0.30129000544548035,0.301580011844635,0
2015-05-22,0.30149000883102417,0.3023500144481659,0.3013499975204468,0.30149000883102417,0
2015-05-25,0.3019599914550781,0.3020800054073334,0.3019300103187561,0.3019599914550781,0
2015-05-26,0.3020800054073334,0.3028999865055084,0.3020800054073334,0.3020800054073334,0
2015-05-27,0.3025299906730652,0.3028300106525421,0.3019999861717224,0.30215001106262207,0
2015-05-28,0.3025999963283539,0.30300000309944153,0.30204999446868896,0.3025999963283539,0
2015-05-29,0.3023500144481659,0.3027999997138977,0.3022400140762329,0.3023500144481659,0
2015-06-01,0.3023200035095215,0.30300000309944153,0.3022400140762329,0.3023200035095215,0
2015-06-02,0.302729994058609,0.3030099868774414,0.3017899990081787,0.30239999294281006,0
2015-06-03,0.30171000957489014,0.3022499978542328,0.3014400005340576,0.3017599880695343,0
2015-06-04,0.3015199899673462,0.301800012588501,0.3012700080871582,0.3015100061893463,0
2015-06-05,0.30169999599456787,0.3021000027656555,0.3013800084590912,0.30169999599456787,0
2015-06-08,0.30160000920295715,0.30265000462532043,0.30160000920295715,0.30160000920295715,0
2015-06-09,0.3014500141143799,0.3020800054073334,0.30129000544548035,0.3014500141143799,0
2015-06-10,0.30156999826431274,0.301800012588501,0.3012000024318695,0.30156999826431274,0
2015-06-11,0.30149000883102417,0.30195000767707825,0.3013800084590912,0.30149000883102417,0
2015-06-12,0.3014500141143799,0.3018600046634674,0.30133000016212463,0.3014500141143799,0
2015-06-15,0.30142998695373535,0.30204999446868896,0.30142998695373535,0.30142998695373535,0
2015-06-16,0.3014099895954132,0.3018999993801117,0.3013400137424469,0.3016499876976013,0
2015-06-17,0.3015199899673462,0.301800012588501,0.30138999223709106,0.3015199899673462,0
2015-06-18,0.30149999260902405,0.30160000920295715,0.30083999037742615,0.30149999260902405,0
2015-06-19,0.3010999858379364,0.3015500009059906,0.30103999376296997,0.3010999858379364,0
2015-06-22,0.30114999413490295,0.3015500009059906,0.30101001262664795,0.30114999413490295,0
2015-06-23,0.3009999990463257,0.3022499978542328,0.30090001225471497,0.3009999990463257,0
2015-06-24,0.3009999990463257,0.30215001106262207,0.3014500141143799,0.3014500141143799,0
2015-06-25,0.3018200099468231,0.30215001106262207,0.30153000354766846,0.3018200099468231,0
2015-06-26,0.3018699884414673,0.30215999484062195,0.30171000957489014,0.3018699884414673,0
2015-06-29,0.30208998918533325,0.30239999294281006,0.3016299903392792,0.30208998918533325,0
2015-06-30,0.301690012216568,0.3022499978542328,0.30142998695373535,0.301690012216568,0
2015-07-01,0.3018999993801117,0.30219998955726624,0.3016200065612793,0.3018999993801117,0
2015-07-02,0.30223000049591064,0.30250000953674316,0.30169999599456787,0.30169999599456787,0
2015-07-03,0.3017500042915344,0.30230000615119934,0.3017500042915344,0.3019999861717224,0
2015-07-06,0.30204999446868896,0.30254998803138733,0.301939994096756,0.30204999446868896,0
2015-07-07,0.30202001333236694,0.3025600016117096,0.30195000767707825,0.30202001333236694,0
2015-07-08,0.3021399974822998,0.3024500012397766,0.301829993724823,0.3021399974822998,0
2015-07-09,0.301939994096756,0.30239999294281006,0.30177998542785645,0.301939994096756,0
2015-07-10,0.3021000027656555,0.30219998955726624,0.3014400005340576,0.301800012588501,0
2015-07-13,0.30171999335289,0.3023099899291992,0.30156001448631287,0.30171999335289,0
2015-07-14,0.30246999859809875,0.3025999963283539,0.301800012588501,0.3024899959564209,0
2015-07-15,0.3020099997520447,0.3025999963283539,0.3019300103187561,0.30230000615119934,0
2015-07-16,0.30215001106262207,0.3030700087547302,0.30204999446868896,0.30215001106262207,0
2015-07-17,0.3026300072669983,0.3032500147819519,0.30250000953674316,0.30261000990867615,0
2015-07-20,0.30278000235557556,0.3031499981880188,0.3024500012397766,0.30278000235557556,0
2015-07-21,0.30285000801086426,0.3032500147819519,0.3022499978542328,0.30285000801086426,0
2015-07-22,0.3025999963283539,0.3028300106525421,0.3019999861717224,0.3027999997138977,0
2015-07-23,0.3025600016117096,0.30305999517440796,0.30235999822616577,0.3025600016117096,0
2015-07-24,0.30246999859809875,0.30309998989105225,0.3024199903011322,0.30246999859809875,0
2015-07-27,0.30300000309944153,0.30270999670028687,0.3020699918270111,0.30270999670028687,0
2015-07-28,0.3021700084209442,0.30261000990867615,0.30180999636650085,0.30243998765945435,0
2015-07-29,0.3021700084209442,0.302700012922287,0.30184999108314514,0.3021700084209442,0
2015-07-30,0.30254998803138733,0.302949994802475,0.3021000027656555,0.3021000027656555,0
2015-07-31,0.3025600016117096,0.3029800057411194,0.3021099865436554,0.30254000425338745,0
2015-08-03,0.30250000953674316,0.3028999865055084,0.30219998955726624,0.30219998955726624,0
2015-08-04,0.3025299906730652,0.3028999865055084,0.30246999859809875,0.3025299906730652,0
2015-08-05,0.3025999963283539,0.30309998989105225,0.30250000953674316,0.30250000953674316,0
2015-08-06,0.302839994430542,0.3032500147819519,0.3026599884033203,0.302839994430542,0
2015-08-07,0.3027699887752533,0.30329999327659607,0.3026300072669983,0.3027699887752533,0
2015-08-10,0.3027699887752533,0.30300000309944153,0.3023799955844879,0.30274999141693115,0
2015-08-11,0.3022400140762329,0.30281001329421997,0.30219998955726624,0.30226001143455505,0
2015-08-12,0.30232998728752136,0.3025600016117096,0.301829993724823,0.30232998728752136,0
2015-08-13,0.30191001296043396,0.30278000235557556,0.301829993724823,0.30191001296043396,0
2015-08-14,0.3019999861717224,0.30230000615119934,0.3018600046634674,0.3019999861717224,0
2015-08-17,0.30195000767707825,0.30235999822616577,0.30195000767707825,0.30195000767707825,0
2015-08-18,0.3023200035095215,0.30250000953674316,0.30223000049591064,0.3023200035095215,0
2015-08-19,0.30232998728752136,0.30250000953674316,0.30219000577926636,0.30232998728752136,0
2015-08-20,0.30199000239372253,0.3024100065231323,0.30188000202178955,0.30197998881340027,0
2015-08-21,0.3017500042915344,0.3021000027656555,0.30121999979019165,0.30177000164985657,0
2015-08-24,0.30112001299858093,0.3016299903392792,0.29982998967170715,0.30112001299858093,0
2015-08-25,0.30035001039505005,0.30160999298095703,0.2999599874019623,0.30035001039505005,0
2015-08-26,0.300680011510849,0.3015199899673462,0.30055001378059387,0.30059000849723816,0
2015-08-27,0.301800012588501,0.3021000027656555,0.3012399971485138,0.301800012588501,0
2015-08-28,0.3012300133705139,0.3019700050354004,0.3011600077152252,0.3012300133705139,0
2015-08-31,0.30169999599456787,0.3020099997520447,0.30149999260902405,0.30169999599456787,0
2015-09-01,0.3016799986362457,0.3019599914550781,0.30131998658180237,0.3016799986362457,0
2015-09-02,0.30153998732566833,0.3020299971103668,0.3013699948787689,0.3015500009059906,0
2015-09-03,0.3018200099468231,0.3020699918270111,0.3013800084590912,0.30184000730514526,0
2015-09-04,0.30191999673843384,0.30212000012397766,0.30160000920295715,0.30191001296043396,0
2015-09-07,0.30184999108314514,0.3021000027656555,0.3016299903392792,0.30184999108314514,0
2015-09-08,0.3017599880695343,0.3021000027656555,0.30125001072883606,0.301800012588501,0
2015-09-09,0.3016499876976013,0.3024199903011322,0.3013800084590912,0.3016499876976013,0
2015-09-10,0.30171999335289,0.3021799921989441,0.3013800084590912,0.30171999335289,0
2015-09-11,0.3018200099468231,0.3018200099468231,0.30125001072883606,0.3018200099468231,0
2015-09-14,0.3017599880695343,0.3019999861717224,0.30136001110076904,0.3017599880695343,0
2015-09-15,0.301800012588501,0.3018699884414673,0.3012399971485138,0.3012999892234802,0
2015-09-16,0.3014500141143799,0.301939994096756,0.3012099862098694,0.3014500141143799,0
2015-09-17,0.3014500141143799,0.3019300103187561,0.3014400005340576,0.3014500141143799,0
2015-09-18,0.3014500141143799,0.3014500141143799,0.3008500039577484,0.3014500141143799,0
2015-09-21,0.3008500039577484,0.301939994096756,0.3008500039577484,0.3008500039577484,0
2015-09-22,0.30160000920295715,0.30219998955726624,0.30125001072883606,0.3012999892234802,0
2015-09-23,0.3018999993801117,0.30239999294281006,0.30125001072883606,0.30171999335289,0
2015-09-24,0.30184999108314514,0.30219998955726624,0.3016299903392792,0.30184999108314514,0
2015-09-25,0.3019999861717224,0.30230000615119934,0.3016200065612793,0.3019999861717224,0
2015-09-28,0.3016499876976013,0.30219998955726624,0.3016499876976013,0.3016499876976013,0
2015-09-29,0.30215001106262207,0.30204999446868896,0.3013400137424469,0.3019999861717224,0
2015-09-30,0.30169999599456787,0.30215001106262207,0.3015500009059906,0.30169999599456787,0
2015-10-01,0.3016200065612793,0.30208998918533325,0.30160999298095703,0.3016200065612793,0
2015-10-02,0.30195000767707825,0.3022800087928772,0.30149999260902405,0.30195000767707825,0
2015-10-05,0.30219998955726624,0.3022499978542328,0.3017599880695343,0.30195000767707825,0
2015-10-06,0.301800012588501,0.3022100031375885,0.3016200065612793,0.3017500042915344,0
2015-10-07,0.30191999673843384,0.3019599914550781,0.30125001072883606,0.3018999993801117,0
2015-10-08,0.301580011844635,0.3019999861717224,0.30149000883102417,0.301580011844635,0
2015-10-09,0.3016799986362457,0.3017500042915344,0.30125001072883606,0.3016799986362457,0
2015-10-12,0.3015500009059906,0.3014099895954132,0.30129000544548035,0.3014099895954132,0
2015-10-13,0.3013699948787689,0.30184999108314514,0.30125999450683594,0.3013699948787689,0
2015-10-14,0.3015500009059906,0.301800012588501,0.3010599911212921,0.3012999892234802,0
2015-10-15,0.30114999413490295,0.3014500141143799,0.3007799983024597,0.30114999413490295,0
2015-10-16,0.3012999892234802,0.30142998695373535,0.30094999074935913,0.3012999892234802,0
2015-10-19,0.3014500141143799,0.3016200065612793,0.30118000507354736,0.3014500141143799,0
2015-10-20,0.30149999260902405,0.30164000391960144,0.3011400103569031,0.3012999892234802,0
2015-10-21,0.3012999892234802,0.30177000164985657,0.30114999413490295,0.3012999892234802,0
2015-10-22,0.30125001072883606,0.30219998955726624,0.30114999413490295,0.30125001072883606,0
2015-10-23,0.30131998658180237,0.3024899959564209,0.30125001072883606,0.30125001072883606,0
2015-10-26,0.30167001485824585,0.30265000462532043,0.30167001485824585,0.30167001485824585,0
2015-10-27,0.30230000615119934,0.3027999997138977,0.30140000581741333,0.3022499978542328,0
2015-10-28,0.3022199869155884,0.30254998803138733,0.30177000164985657,0.30223000049591064,0
2015-10-29,0.30230000615119934,0.3030500113964081,0.30219998955726624,0.30230000615119934,0
2015-10-30,0.3025999963283539,0.30274999141693115,0.30219998955726624,0.30265000462532043,0
2015-11-02,0.30274999141693115,0.30274999141693115,0.30219998955726624,0.30274999141693115,0
2015-11-03,0.30230000615119934,0.3028999865055084,0.30177000164985657,0.30219998955726624,0
2015-11-04,0.30219998955726624,0.30303001403808594,0.30219998955726624,0.30219998955726624,0
2015-11-05,0.3025200068950653,0.3031400144100189,0.30246999859809875,0.30250000953674316,0
2015-11-06,0.3030500113964081,0.3034999966621399,0.302700012922287,0.302700012922287,0
2015-11-09,0.30355000495910645,0.303849995136261,0.302949994802475,0.302949994802475,0
2015-11-10,0.3034000098705292,0.3035300076007843,0.30338001251220703,0.3034000098705292,0
2015-11-11,0.30344000458717346,0.30344998836517334,0.3032299876213074,0.30338001251220703,0
2015-11-12,0.3033500015735626,0.30375000834465027,0.30327001214027405,0.3033500015735626,0
2015-11-13,0.3034000098705292,0.3034999966621399,0.30320000648498535,0.30329999327659607,0
2015-11-16,0.30329999327659607,0.30382999777793884,0.30327001214027405,0.30329999327659607,0
2015-11-17,0.3033300042152405,0.30366000533103943,0.30331000685691833,0.30331000685691833,0
2015-11-18,0.3034999966621399,0.30399999022483826,0.30309998989105225,0.303600013256073,0
2015-11-19,0.303600013256073,0.3037000000476837,0.30344998836517334,0.303600013256073,0
2015-11-20,0.303600013256073,0.3037000000476837,0.30329999327659607,0.30344998836517334,0
2015-11-23,0.3034999966621399,0.30379998683929443,0.3034999966621399,0.3034999966621399,0
2015-11-24,0.30379998683929443,0.30379998683929443,0.30329999327659607,0.3037000000476837,0
2015-11-25,0.30375000834465027,0.3046000003814697,0.30355000495910645,0.3037000000476837,0
2015-11-26,0.30375000834465027,0.30425000190734863,0.30364999175071716,0.30364999175071716,0
2015-11-27,0.30410000681877136,0.30465999245643616,0.30167001485824585,0.3037000000476837,0
2015-11-30,0.30425000190734863,0.3046700060367584,0.30410000681877136,0.30425000190734863,0
2015-12-01,0.3041999936103821,0.3043999969959259,0.3038800060749054,0.3042199909687042,0
2015-12-02,0.3041499853134155,0.3046500086784363,0.30355000495910645,0.30399999022483826,0
2015-12-03,0.30399999022483826,0.3041999936103821,0.30125001072883606,0.30399999022483826,0
2015-12-04,0.3034999966621399,0.3040800094604492,0.3030099868774414,0.3039900064468384,0
2015-12-07,0.30320999026298523,0.30390000343322754,0.30309998989105225,0.30320999026298523,0
2015-12-08,0.3034999966621399,0.3037000000476837,0.30316001176834106,0.3034999966621399,0
2015-12-09,0.30320000648498535,0.3037000000476837,0.3026899993419647,0.30316999554634094,0
2015-12-10,0.3027999997138977,0.303600013256073,0.30254000425338745,0.3028999865055084,0
2015-12-11,0.30281999707221985,0.30355000495910645,0.302700012922287,0.30281999707221985,0
2015-12-14,0.30274999141693115,0.3030399978160858,0.3025999963283539,0.30274999141693115,0
2015-12-15,0.302700012922287,0.303600013256073,0.3025299906730652,0.302700012922287,0
2015-12-16,0.30274999141693115,0.3033899962902069,0.3025999963283539,0.30274999141693115,0
2015-12-17,0.30302000045776367,0.30375000834465027,0.30278000235557556,0.30302000045776367,0
2015-12-18,0.3033199906349182,0.30379998683929443,0.30320999026298523,0.3037000000476837,0
2015-12-21,0.3033199906349182,0.3034999966621399,0.3030399978160858,0.3033199906349182,0
2015-12-22,0.3030799925327301,0.303600013256073,0.302949994802475,0.3030700087547302,0
2015-12-23,0.30320000648498535,0.30355000495910645,0.30302000045776367,0.30320000648498535,0
2015-12-24,0.3031199872493744,0.303600013256073,0.30285999178886414,0.3031199872493744,0
2015-12-25,0.3028999865055084,0.3028999865055084,0.3028999865055084,0.3028999865055084,0
2015-12-28,0.3028999865055084,0.3033500015735626,0.3027400076389313,0.3028999865055084,0
2015-12-29,0.3031199872493744,0.303600013256073,0.30270999670028687,0.3031199872493744,0
2015-12-30,0.3031199872493744,0.3034299910068512,0.3028999865055084,0.3031199872493744,0
2015-12-31,0.3033500015735626,0.303600013256073,0.302949994802475,0.3031199872493744,0
2016-01-01,0.302949994802475,0.302949994802475,0.302949994802475,0.302949994802475,0
2016-01-04,0.302949994802475,0.303600013256073,0.302949994802475,0.302949994802475,0
2016-01-05,0.30309998989105225,0.30379998683929443,0.3030500113964081,0.3031199872493744,0
2016-01-06,0.30309998989105225,0.3043000102043152,0.30309998989105225,0.30309998989105225,0
2016-01-07,0.3039500117301941,0.3040800094604492,0.30309998989105225,0.3039500117301941,0
2016-01-08,0.303600013256073,0.303849995136261,0.30309998989105225,0.303600013256073,0
2016-01-11,0.30344998836517334,0.30344998836517334,0.302949994802475,0.30344998836517334,0
2016-01-12,0.30305999517440796,0.30362001061439514,0.302949994802475,0.3031499981880188,0
2016-01-13,0.3031499981880188,0.3037799894809723,0.30300000309944153,0.3031499981880188,0
2016-01-14,0.30336999893188477,0.3036099970340729,0.3030500113964081,0.30336999893188477,0
2016-01-15,0.30336999893188477,0.30375000834465027,0.3031499981880188,0.30336999893188477,0
2016-01-18,0.3034699857234955,0.30410000681877136,0.30309998989105225,0.3034699857234955,0
2016-01-19,0.3037700057029724,0.3048500120639801,0.30309998989105225,0.303600013256073,0
2016-01-20,0.30445998907089233,0.3044700026512146,0.3034999966621399,0.30445998907089233,0
2016-01-21,0.3041499853134155,0.3044399917125702,0.30364999175071716,0.3041499853134155,0
2016-01-22,0.30425000190734863,0.3046500086784363,0.30355000495910645,0.30425000190734863,0
2016-01-25,0.3041499853134155,0.3041499853134155,0.30331000685691833,0.3041499853134155,0
2016-01-26,0.30351999402046204,0.30364999175071716,0.30250000953674316,0.30351999402046204,0
2016-01-27,0.3033500015735626,0.30355000495910645,0.3030099868774414,0.3033500015735626,0
2016-01-28,0.3031499981880188,0.3033500015735626,0.30239999294281006,0.3031499981880188,0
2016-01-29,0.3030500113964081,0.30375000834465027,0.30285000801086426,0.3031499981880188,0
2016-02-01,0.3033199906349182,0.3033199906349182,0.3026300072669983,0.3033199906349182,0
2016-02-02,0.3030500113964081,0.3030500113964081,0.30197998881340027,0.3030500113964081,0
2016-02-03,0.3024899959564209,0.3024899959564209,0.30129000544548035,0.3024899959564209,0
2016-02-04,0.30140000581741333,0.3010199964046478,0.30006998777389526,0.3009999990463257,0
2016-02-05,0.3000499904155731,0.30090999603271484,0.3000499904155731,0.3000499904155731,0
2016-02-08,0.3003399968147278,0.3003399968147278,0.2995299994945526,0.3003399968147278,0
2016-02-09,0.3000499904155731,0.3000499904155731,0.2990500032901764,0.3000499904155731,0
2016-02-10,0.29923999309539795,0.2992900013923645,0.29820001125335693,0.29923999309539795,0
2016-02-11,0.2983500063419342,0.298799991607666,0.2976999878883362,0.2983500063419342,0
2016-02-12,0.297650009393692,0.29820001125335693,0.297650009393692,0.297650009393692,0
2016-02-15,0.29774999618530273,0.29903000593185425,0.29774999618530273,0.29774999618530273,0
2016-02-16,0.29833000898361206,0.2989000082015991,0.2980499863624573,0.29833000898361206,0
2016-02-17,0.2983500063419342,0.2988399863243103,0.2980499863624573,0.2983500063419342,0
2016-02-18,0.2985999882221222,0.29884999990463257,0.2980499863624573,0.2985999882221222,0
2016-02-19,0.2987000048160553,0.29910001158714294,0.2986299991607666,0.2987000048160553,0
2016-02-22,0.29864999651908875,0.2992500066757202,0.29864999651908875,0.29864999651908875,0
2016-02-23,0.29875001311302185,0.2996399998664856,0.2987299859523773,0.29875001311302185,0
2016-02-24,0.29875001311302185,0.2997399866580963,0.29875001311302185,0.29875001311302185,0
2016-02-25,0.29875001311302185,0.3004400134086609,0.29875001311302185,0.29875001311302185,0
2016-02-26,0.29997000098228455,0.30055001378059387,0.29980000853538513,0.3000499904155731,0
2016-02-29,0.30006998777389526,0.3009899854660034,0.30006998777389526,0.30006998777389526,0
2016-03-01,0.3010999858379364,0.3007499873638153,0.29980000853538513,0.3007499873638153,0
2016-03-02,0.30035001039505005,0.30077001452445984,0.2999500036239624,0.30035001039505005,0
2016-03-03,0.3003000020980835,0.30070000886917114,0.30011001229286194,0.30035001039505005,0
2016-03-04,0.30035001039505005,0.3005000054836273,0.29989999532699585,0.30035001039505005,0
2016-03-07,0.29989001154899597,0.30044999718666077,0.29989001154899597,0.29989001154899597,0
2016-03-08,0.30024999380111694,0.30044999718666077,0.2999500036239624,0.3001999855041504,0
2016-03-09,0.30017000436782837,0.30035001039505005,0.30008000135421753,0.30017000436782837,0
2016-03-10,0.30017000436782837,0.30098000168800354,0.30017000436782837,0.30017000436782837,0
2016-03-11,0.30017000436782837,0.30063000321388245,0.300029993057251,0.30017000436782837,0
2016-03-14,0.3006199896335602,0.30070000886917114,0.3001500070095062,0.3006199896335602,0
2016-03-15,0.30017000436782837,0.3008500039577484,0.3003000020980835,0.3003000020980835,0
2016-03-16,0.30017000436782837,0.30114999413490295,0.30017000436782837,0.30079999566078186,0
2016-03-17,0.30017000436782837,0.3007799983024597,0.3000999987125397,0.30017000436782837,0
2016-03-18,0.30017000436782837,0.30059999227523804,0.300029993057251,0.30017000436782837,0
2016-03-21,0.3001500070095062,0.3008500039577484,0.3001500070095062,0.3001500070095062,0
2016-03-22,0.30041998624801636,0.30114999413490295,0.30041998624801636,0.30041998624801636,0
2016-03-23,0.30079999566078186,0.30169999599456787,0.30059999227523804,0.3006199896335602,0
2016-03-24,0.3012999892234802,0.3018999993801117,0.3012999892234802,0.3012999892234802,0
2016-03-25,0.3014799952507019,0.3019999861717224,0.3014799952507019,0.3014799952507019,0
2016-03-28,0.3014799952507019,0.30184999108314514,0.3014799952507019,0.3014799952507019,0
2016-03-29,0.301800012588501,0.30195000767707825,0.3014799952507019,0.3014799952507019,0
2016-03-30,0.3017300069332123,0.3018999993801117,0.3012999892234802,0.3017300069332123,0
2016-03-31,0.30149999260902405,0.301690012216568,0.30125001072883606,0.3014500141143799,0
2016-04-01,0.3014500141143799,0.3017500042915344,0.3012799918651581,0.3014500141143799,0
2016-04-04,0.30140000581741333,0.30149999260902405,0.3010999858379364,0.30140000581741333,0
2016-04-05,0.3012000024318695,0.30169999599456787,0.3009999990463257,0.3012000024318695,0
2016-04-06,0.3012999892234802,0.30188998579978943,0.30105000734329224,0.3012999892234802,0
2016-04-07,0.30125001072883606,0.30149999260902405,0.3009999990463257,0.30105000734329224,0
2016-04-08,0.3010999858379364,0.3015500009059906,0.3009999990463257,0.3010999858379364,0
2016-04-11,0.3010999858379364,0.3012000024318695,0.3006500005722046,0.3010999858379364,0
2016-04-12,0.3009999990463257,0.3013800084590912,0.30059999227523804,0.30090001225471497,0
2016-04-13,0.30090001225471497,0.30160999298095703,0.30090001225471497,0.30090001225471497,0
2016-04-14,0.30105000734329224,0.301800012588501,0.3008500039577484,0.30105000734329224,0
2016-04-15,0.30105000734329224,0.3015899956226349,0.30105000734329224,0.30105000734329224,0
2016-04-18,0.3011699914932251,0.3017500042915344,0.30114999413490295,0.3011699914932251,0
2016-04-19,0.3012700080871582,0.30136001110076904,0.30094999074935913,0.3012700080871582,0
2016-04-20,0.3011699914932251,0.30149999260902405,0.30090001225471497,0.3011699914932251,0
2016-04-21,0.3011699914932251,0.30149999260902405,0.30090001225471497,0.3011699914932251,0
2016-04-22,0.3011699914932251,0.3015500009059906,0.3010999858379364,0.3012999892234802,0
2016-04-25,0.3014500141143799,0.3015199899673462,0.30136001110076904,0.30136001110076904,0
2016-04-26,0.30118000507354736,0.30160999298095703,0.30114999413490295,0.30118000507354736,0
2016-04-27,0.30118000507354736,0.30177000164985657,0.30118000507354736,0.30118000507354736,0
2016-04-28,0.30133000016212463,0.30171000957489014,0.30083000659942627,0.3010999858379364,0
2016-04-29,0.30133000016212463,0.30133000016212463,0.3005000054836273,0.30133000016212463,0
2016-05-02,0.3012300133705139,0.30140000581741333,0.30024999380111694,0.3012300133705139,0
2016-05-03,0.30035001039505005,0.30035001039505005,0.29982998967170715,0.30035001039505005,0
2016-05-04,0.30006998777389526,0.30094000697135925,0.30000001192092896,0.30000001192092896,0
2016-05-05,0.30008000135421753,0.30090001225471497,0.2997500002384186,0.30008000135421753,0
2016-05-06,0.30008000135421753,0.30074000358581543,0.2996399998664856,0.30008000135421753,0
2016-05-09,0.29989999532699585,0.3012000024318695,0.2998200058937073,0.2998200058937073,0
2016-05-10,0.30008000135421753,0.3013499975204468,0.29989999532699585,0.30008000135421753,0
2016-05-11,0.3008899986743927,0.3013499975204468,0.30024999380111694,0.3008899986743927,0
2016-05-12,0.30090001225471497,0.30138999223709106,0.30024999380111694,0.30090001225471497,0
2016-05-13,0.3009200096130371,0.3014500141143799,0.3009200096130371,0.3009200096130371,0
2016-05-16,0.3012999892234802,0.3012799918651581,0.30087000131607056,0.3009999990463257,0
2016-05-17,0.3009200096130371,0.3013499975204468,0.30070000886917114,0.30125001072883606,0
2016-05-18,0.3011699914932251,0.3017300069332123,0.30070000886917114,0.3011699914932251,0
2016-05-19,0.3013800084590912,0.3020400106906891,0.3013800084590912,0.3013800084590912,0
2016-05-20,0.3015199899673462,0.3020699918270111,0.30149999260902405,0.3015199899673462,0
2016-05-23,0.3016600012779236,0.3020099997520447,0.3014799952507019,0.3016600012779236,0
2016-05-24,0.30149999260902405,0.30197998881340027,0.3013499975204468,0.30149999260902405,0
2016-05-25,0.301580011844635,0.30208998918533325,0.30140000581741333,0.301580011844635,0
2016-05-26,0.30149999260902405,0.3019999861717224,0.30140000581741333,0.30149999260902405,0
2016-05-27,0.30149999260902405,0.30215999484062195,0.30149999260902405,0.30149999260902405,0
2016-05-30,0.301800012588501,0.3019999861717224,0.3016499876976013,0.301800012588501,0
2016-05-31,0.3015199899673462,0.3022499978542328,0.3015199899673462,0.3015199899673462,0
2016-06-01,0.301829993724823,0.30219998955726624,0.3016799986362457,0.301829993724823,0
2016-06-02,0.30184999108314514,0.30219998955726624,0.30140000581741333,0.30184999108314514,0
2016-06-03,0.30156999826431274,0.30215001106262207,0.30156999826431274,0.30156999826431274,0
2016-06-06,0.30160000920295715,0.30160000920295715,0.30059999227523804,0.30160000920295715,0
2016-06-07,0.3009699881076813,0.30160000920295715,0.30024999380111694,0.3009699881076813,0
2016-06-08,0.300819993019104,0.30125001072883606,0.30024999380111694,0.300819993019104,0
2016-06-09,0.3007499873638153,0.3012000024318695,0.3004800081253052,0.3007499873638153,0
2016-06-10,0.30066999793052673,0.3012000024318695,0.30055001378059387,0.30066999793052673,0
2016-06-13,0.30079999566078186,0.30125001072883606,0.30024999380111694,0.30079999566078186,0
2016-06-14,0.30087000131607056,0.3014200031757355,0.30024999380111694,0.30087000131607056,0
2016-06-15,0.30087000131607056,0.3015199899673462,0.30024999380111694,0.30087000131607056,0
2016-06-16,0.30094000697135925,0.30140000581741333,0.3003700077533722,0.30094000697135925,0
2016-06-17,0.30077001452445984,0.3010999858379364,0.30044999718666077,0.30077001452445984,0
2016-06-20,0.3011299967765808,0.30090001225471497,0.3003000020980835,0.3003000020980835,0
2016-06-21,0.30037999153137207,0.30090001225471497,0.3002299964427948,0.30037999153137207,0
2016-06-22,0.3003000020980835,0.3010599911212921,0.30024999380111694,0.3003000020980835,0
2016-06-23,0.300570011138916,0.3007499873638153,0.3002299964427948,0.300570011138916,0
2016-06-24,0.3002299964427948,0.3018999993801117,0.3001500070095062,0.3002299964427948,0
2016-06-27,0.30140000581741333,0.30296000838279724,0.3003999888896942,0.30140000581741333,0
2016-06-28,0.3016299903392792,0.3019999861717224,0.30024999380111694,0.3016299903392792,0
2016-06-29,0.3016299903392792,0.3017500042915344,0.30024999380111694,0.3016299903392792,0
2016-06-30,0.3016299903392792,0.3017500042915344,0.30024999380111694,0.3016299903392792,0
2016-07-01,0.3011699914932251,0.3016799986362457,0.3011699914932251,0.3011699914932251,0
2016-07-04,0.3013499975204468,0.3014500141143799,0.3010700047016144,0.3013499975204468,0
2016-07-05,0.3016200065612793,0.3016299903392792,0.3010900020599365,0.3016200065612793,0
2016-07-06,0.3011699914932251,0.30169999599456787,0.3010700047016144,0.3011699914932251,0
2016-07-07,0.3014500141143799,0.3016499876976013,0.30118000507354736,0.3014500141143799,0
2016-07-08,0.30125001072883606,0.30169999599456787,0.3010900020599365,0.30125001072883606,0
2016-07-11,0.30118998885154724,0.3016499876976013,0.30118998885154724,0.30118998885154724,0
2016-07-12,0.3013499975204468,0.30199000239372253,0.3012799918651581,0.3013499975204468,0
2016-07-13,0.30156999826431274,0.3021700084209442,0.30149999260902405,0.30156999826431274,0
2016-07-14,0.30167001485824585,0.30204999446868896,0.30160000920295715,0.30167001485824585,0
2016-07-15,0.30167001485824585,0.3019999861717224,0.301580011844635,0.30167001485824585,0
2016-07-18,0.3015199899673462,0.30184999108314514,0.3015199899673462,0.3015199899673462,0
2016-07-19,0.30184999108314514,0.30202001333236694,0.301800012588501,0.30184999108314514,0
2016-07-20,0.30184999108314514,0.30250000953674316,0.3017500042915344,0.30184999108314514,0
2016-07-21,0.3019999861717224,0.3024500012397766,0.301939994096756,0.3019999861717224,0
2016-07-22,0.3020299971103668,0.30250999331474304,0.301800012588501,0.3020299971103668,0
2016-07-25,0.30197998881340027,0.3026300072669983,0.30197998881340027,0.30197998881340027,0
2016-07-26,0.3020299971103668,0.30254998803138733,0.3018999993801117,0.3020299971103668,0
2016-07-27,0.3020299971103668,0.30254998803138733,0.301800012588501,0.3020299971103668,0
2016-07-28,0.3018999993801117,0.3023500144481659,0.30169999599456787,0.3018999993801117,0
2016-07-29,0.3020299971103668,0.30230000615119934,0.3015500009059906,0.3020299971103668,0
2016-08-01,0.30191001296043396,0.3020299971103668,0.30103999376296997,0.30191001296043396,0
2016-08-02,0.3010999858379364,0.301800012588501,0.30094999074935913,0.3010999858379364,0
2016-08-03,0.3009699881076813,0.301800012588501,0.30024999380111694,0.3012999892234802,0
2016-08-04,0.30114999413490295,0.3020299971103668,0.30024999380111694,0.30114999413490295,0
2016-08-05,0.30125001072883606,0.301800012588501,0.30125001072883606,0.30125001072883606,0
2016-08-08,0.30131998658180237,0.30197998881340027,0.3012799918651581,0.30131998658180237,0
2016-08-09,0.3015500009059906,0.3020400106906891,0.30105000734329224,0.3015500009059906,0
2016-08-10,0.3016200065612793,0.3018999993801117,0.30114999413490295,0.3016200065612793,0
2016-08-11,0.30131998658180237,0.301800012588501,0.30114999413490295,0.30131998658180237,0
2016-08-12,0.30131998658180237,0.30184999108314514,0.30118000507354736,0.30131998658180237,0
2016-08-15,0.30169999599456787,0.30184999108314514,0.30114999413490295,0.30140000581741333,0
2016-08-16,0.30125001072883606,0.3015500009059906,0.30087000131607056,0.30125001072883606,0
2016-08-17,0.3010999858379364,0.30149999260902405,0.3007499873638153,0.3010999858379364,0
2016-08-18,0.3009200096130371,0.30121999979019165,0.30059999227523804,0.3009200096130371,0
2016-08-19,0.3007200062274933,0.30125001072883606,0.30031999945640564,0.3007200062274933,0
2016-08-22,0.3012000024318695,0.3012000024318695,0.30070000886917114,0.300819993019104,0
2016-08-23,0.3007200062274933,0.301800012588501,0.3005000054836273,0.3007200062274933,0
2016-08-24,0.30066999793052673,0.3012000024318695,0.30059999227523804,0.30066999793052673,0
2016-08-25,0.3007200062274933,0.3012999892234802,0.3007200062274933,0.3007200062274933,0
2016-08-26,0.3007200062274933,0.301800012588501,0.3007200062274933,0.3007200062274933,0
2016-08-29,0.3006899952888489,0.3014099895954132,0.3006899952888489,0.3006899952888489,0
2016-08-30,0.30072999000549316,0.301800012588501,0.30072999000549316,0.30072999000549316,0
2016-08-31,0.3013699948787689,0.301800012588501,0.30105000734329224,0.3013699948787689,0
2016-09-01,0.3013699948787689,0.301800012588501,0.30105000734329224,0.3013699948787689,0
2016-09-02,0.3014200031757355,0.301800012588501,0.3009999990463257,0.3014200031757355,0
2016-09-05,0.3010900020599365,0.3018999993801117,0.3009999990463257,0.3010900020599365,0
2016-09-06,0.3013499975204468,0.3018999993801117,0.30105000734329224,0.3013499975204468,0
2016-09-07,0.30140000581741333,0.30149999260902405,0.30070000886917114,0.30140000581741333,0
2016-09-08,0.30079999566078186,0.30133000016212463,0.30070000886917114,0.30079999566078186,0
2016-09-09,0.3008500039577484,0.3014500141143799,0.30070000886917114,0.3008500039577484,0
2016-09-12,0.30105000734329224,0.30140000581741333,0.30090001225471497,0.30105000734329224,0
2016-09-13,0.3008500039577484,0.30149999260902405,0.3008500039577484,0.3008500039577484,0
2016-09-14,0.3008500039577484,0.30149999260902405,0.3004800081253052,0.3008500039577484,0
2016-09-15,0.3008500039577484,0.30140000581741333,0.30072999000549316,0.3008500039577484,0
2016-09-16,0.3008500039577484,0.30140000581741333,0.30079999566078186,0.3008500039577484,0
2016-09-19,0.3009200096130371,0.30184999108314514,0.3009200096130371,0.3009200096130371,0
2016-09-20,0.3008500039577484,0.30160999298095703,0.30070000886917114,0.3008500039577484,0
2016-09-21,0.3008500039577484,0.3016499876976013,0.30070000886917114,0.3008500039577484,0
2016-09-22,0.3008500039577484,0.30140000581741333,0.30070000886917114,0.30140000581741333,0
2016-09-23,0.3009999990463257,0.3014500141143799,0.3008500039577484,0.3009999990463257,0
2016-09-26,0.3009999990463257,0.30140000581741333,0.30079999566078186,0.3009999990463257,0
2016-09-27,0.3010700047016144,0.3013800084590912,0.30079999566078186,0.3010700047016144,0
2016-09-28,0.30090001225471497,0.3013499975204468,0.3008500039577484,0.30090001225471497,0
2016-09-29,0.30090001225471497,0.30129000544548035,0.3008500039577484,0.30090001225471497,0
2016-09-30,0.30090001225471497,0.3014200031757355,0.3008500039577484,0.30090001225471497,0
2016-10-03,0.3008899986743927,0.30140000581741333,0.3008800148963928,0.3008899986743927,0
2016-10-04,0.30094999074935913,0.3018699884414673,0.3008800148963928,0.30094999074935913,0
2016-10-05,0.30125001072883606,0.3017500042915344,0.300929993391037,0.30125001072883606,0
2016-10-06,0.30160000920295715,0.30160000920295715,0.3008800148963928,0.3013499975204468,0
2016-10-07,0.3013499975204468,0.30223000049591064,0.3012000024318695,0.3013499975204468,0
2016-10-10,0.301800012588501,0.301800012588501,0.3012999892234802,0.301800012588501,0
2016-10-11,0.30149999260902405,0.30232998728752136,0.3008800148963928,0.30149999260902405,0
2016-10-12,0.301800012588501,0.30254000425338745,0.3016799986362457,0.301800012588501,0
2016-10-13,0.3018999993801117,0.30265000462532043,0.30140000581741333,0.3018999993801117,0
2016-10-14,0.3022499978542328,0.30274999141693115,0.3021099865436554,0.3022499978542328,0
2016-10-17,0.3021399974822998,0.3028799891471863,0.3012999892234802,0.3021399974822998,0
2016-10-18,0.3022499978542328,0.302700012922287,0.30188000202178955,0.3022499978542328,0
2016-10-19,0.3022499978542328,0.3025999963283539,0.30188000202178955,0.3022499978542328,0
2016-10-20,0.3022499978542328,0.30278000235557556,0.3018999993801117,0.3022499978542328,0
2016-10-21,0.3022499978542328,0.3028999865055084,0.3018999993801117,0.3022499978542328,0
2016-10-24,0.3023799955844879,0.3027999997138977,0.3023799955844879,0.3023799955844879,0
2016-10-25,0.3022499978542328,0.3029800057411194,0.3022499978542328,0.3022499978542328,0
2016-10-26,0.30274999141693115,0.30285000801086426,0.300929993391037,0.30274999141693115,0
2016-10-27,0.30274999141693115,0.30300000309944153,0.302700012922287,0.30274999141693115,0
2016-10-28,0.30274999141693115,0.30303001403808594,0.30274999141693115,0.30274999141693115,0
2016-10-31,0.3029699921607971,0.30303001403808594,0.3025999963283539,0.3029699921607971,0
2016-11-01,0.30274999141693115,0.30303001403808594,0.3024100065231323,0.30274999141693115,0
2016-11-02,0.30274999141693115,0.3027999997138977,0.3018999993801117,0.30274999141693115,0
2016-11-03,0.3022499978542328,0.302700012922287,0.301800012588501,0.3022499978542328,0
2016-11-04,0.3017500042915344,0.30219998955726624,0.3012000024318695,0.3017500042915344,0
2016-11-07,0.3022499978542328,0.3024100065231323,0.3020800054073334,0.3022499978542328,0
2016-11-08,0.30250000953674316,0.30278998613357544,0.30204999446868896,0.30250000953674316,0
2016-11-09,0.3023200035095215,0.302729994058609,0.30125001072883606,0.30215001106262207,0
2016-11-10,0.30215001106262207,0.3034299910068512,0.3021000027656555,0.30215001106262207,0
2016-11-11,0.30215001106262207,0.3028999865055084,0.30215001106262207,0.30215001106262207,0
2016-11-14,0.3028999865055084,0.30404001474380493,0.3027999997138977,0.3028999865055084,0
2016-11-15,0.3033199906349182,0.30425000190734863,0.30320000648498535,0.3033199906349182,0
2016-11-16,0.303600013256073,0.30434998869895935,0.303600013256073,0.303600013256073,0
2016-11-17,0.303600013256073,0.304500013589859,0.3034999966621399,0.3034999966621399,0
2016-11-18,0.303600013256073,0.3045099973678589,0.303600013256073,0.303600013256073,0
2016-11-21,0.3041499853134155,0.304500013589859,0.3041200041770935,0.3041499853134155,0
2016-11-22,0.3043999969959259,0.3047800064086914,0.3041499853134155,0.30441999435424805,0
2016-11-23,0.30441999435424805,0.3051300048828125,0.3041499853134155,0.30441999435424805,0
2016-11-24,0.3043699860572815,0.304749995470047,0.30434998869895935,0.3043699860572815,0
2016-11-25,0.3043699860572815,0.3050999939441681,0.3043699860572815,0.3043699860572815,0
2016-11-28,0.30489999055862427,0.3050000071525574,0.3041999936103821,0.30489999055862427,0
2016-11-29,0.3042699992656708,0.3050299882888794,0.3042699992656708,0.3042699992656708,0
2016-11-30,0.304610013961792,0.30480000376701355,0.30441999435424805,0.30441999435424805,0
2016-12-01,0.30441999435424805,0.30500999093055725,0.3043299913406372,0.30441999435424805,0
2016-12-02,0.3043999969959259,0.30480000376701355,0.30441999435424805,0.30441999435424805,0
2016-12-05,0.304639995098114,0.30504998564720154,0.3043999969959259,0.304639995098114,0
2016-12-06,0.30441999435424805,0.30504998564720154,0.30399999022483826,0.3043000102043152,0
2016-12-07,0.30469998717308044,0.30469998717308044,0.3041499853134155,0.30434998869895935,0
2016-12-08,0.30452999472618103,0.3046799898147583,0.3041499853134155,0.30441999435424805,0
2016-12-09,0.30441999435424805,0.3050999939441681,0.3041499853134155,0.30441999435424805,0
2016-12-12,0.30452999472618103,0.30507001280784607,0.30410000681877136,0.30452999472618103,0
2016-12-13,0.30489999055862427,0.3050000071525574,0.30410000681877136,0.30489999055862427,0
2016-12-14,0.304749995470047,0.30515000224113464,0.30410000681877136,0.304749995470047,0
2016-12-15,0.304749995470047,0.30550000071525574,0.3041999936103821,0.304749995470047,0
2016-12-16,0.30535000562667847,0.3056600093841553,0.3050000071525574,0.30535000562667847,0
2016-12-19,0.3054099977016449,0.305759996175766,0.3050000071525574,0.3054099977016449,0
2016-12-20,0.30535000562667847,0.3059000074863434,0.30489999055862427,0.30535000562667847,0
2016-12-21,0.305649995803833,0.305649995803833,0.3052000105381012,0.305649995803833,0
2016-12-22,0.305649995803833,0.305649995803833,0.3050999939441681,0.305649995803833,0
2016-12-23,0.30570000410079956,0.3061000108718872,0.30489999055862427,0.305649995803833,0
2016-12-26,0.30570000410079956,0.30570000410079956,0.30570000410079956,0.30570000410079956,0
2016-12-27,0.30570000410079956,0.30577999353408813,0.3050000071525574,0.30570000410079956,0
2016-12-28,0.3055500090122223,0.305649995803833,0.3050999939441681,0.305649995803833,0
2016-12-29,0.305649995803833,0.30584999918937683,0.3050000071525574,0.305649995803833,0
2016-12-30,0.305649995803833,0.305649995803833,0.3043999969959259,0.305649995803833,0
2017-01-02,0.3051300048828125,0.30559998750686646,0.30489999055862427,0.3051300048828125,0
2017-01-03,0.305649995803833,0.3060300052165985,0.3050999939441681,0.30559998750686646,0
2017-01-04,0.30577999353408813,0.30581000447273254,0.3050999939441681,0.30577999353408813,0
2017-01-05,0.30555999279022217,0.305510014295578,0.3046000003814697,0.3054499924182892,0
2017-01-06,0.30496999621391296,0.3055900037288666,0.3046000003814697,0.3050299882888794,0
2017-01-09,0.3052699863910675,0.3055500090122223,0.30480000376701355,0.3052699863910675,0
2017-01-10,0.3052299916744232,0.3054499924182892,0.3046000003814697,0.30518999695777893,0
2017-01-11,0.3052299916744232,0.30564001202583313,0.30480000376701355,0.3052000105381012,0
2017-01-12,0.3050599992275238,0.3052999973297119,0.30410000681877136,0.3050900101661682,0
2017-01-13,0.3052400052547455,0.3053100109100342,0.3043999969959259,0.3052699863910675,0
2017-01-16,0.30500999093055725,0.30518999695777893,0.304500013589859,0.30500999093055725,0
2017-01-17,0.30518999695777893,0.3057999908924103,0.30399999022483826,0.3051399886608124,0
2017-01-18,0.3045499920845032,0.30489999055862427,0.30399999022483826,0.3045699894428253,0
2017-01-19,0.30504998564720154,0.3050999939441681,0.3041999936103821,0.30504000186920166,0
2017-01-20,0.3049499988555908,0.3050999939441681,0.3043999969959259,0.3049499988555908,0
2017-01-23,0.3049499988555908,0.30504998564720154,0.30390000343322754,0.3049499988555908,0
2017-01-24,0.30452001094818115,0.3046500086784363,0.30379998683929443,0.30452001094818115,0
2017-01-25,0.304749995470047,0.304749995470047,0.30390000343322754,0.3045499920845032,0
2017-01-26,0.30445000529289246,0.305400013923645,0.3037000000476837,0.30445000529289246,0
2017-01-27,0.3043999969959259,0.3051300048828125,0.30390000343322754,0.3043999969959259,0
2017-01-30,0.3046500086784363,0.30511999130249023,0.30379998683929443,0.3046500086784363,0
2017-01-31,0.3047100007534027,0.3052000105381012,0.30390000343322754,0.3046000003814697,0
2017-02-01,0.3044700026512146,0.30469998717308044,0.3037000000476837,0.3046000003814697,0
2017-02-02,0.30434998869895935,0.3050000071525574,0.3037000000476837,0.30434998869895935,0
2017-02-03,0.304749995470047,0.304749995470047,0.30399999022483826,0.304749995470047,0
2017-02-06,0.3046500086784363,0.30480000376701355,0.30320000648498535,0.3046500086784363,0
2017-02-07,0.30437999963760376,0.3048500120639801,0.30399999022483826,0.30437999963760376,0
2017-02-08,0.3043999969959259,0.30515000224113464,0.30399999022483826,0.30437999963760376,0
2017-02-09,0.30480000376701355,0.3049499988555908,0.30399999022483826,0.30437999963760376,0
2017-02-10,0.3045499920845032,0.30489999055862427,0.3041999936103821,0.3045499920845032,0
2017-02-13,0.3047100007534027,0.30531999468803406,0.3041999936103821,0.3047100007534027,0
2017-02-14,0.3050000071525574,0.30489999055862427,0.3043000102043152,0.3048500120639801,0
2017-02-15,0.3048500120639801,0.3057299852371216,0.3043999969959259,0.3048500120639801,0
2017-02-16,0.3048500120639801,0.30524998903274536,0.3043000102043152,0.3048500120639801,0
2017-02-17,0.30480000376701355,0.3052000105381012,0.30410000681877136,0.3049499988555908,0
2017-02-20,0.30515000224113464,0.30515000224113464,0.30399999022483826,0.30515000224113464,0
2017-02-21,0.3049499988555908,0.3054499924182892,0.3043999969959259,0.3049499988555908,0
2017-02-22,0.3049499988555908,0.30535998940467834,0.3043999969959259,0.3049499988555908,0
2017-02-23,0.30480000376701355,0.3052000105381012,0.3043000102043152,0.3049499988555908,0
2017-02-24,0.3049499988555908,0.3050299882888794,0.30399999022483826,0.3049499988555908,0
2017-02-27,0.3045499920845032,0.30515000224113464,0.30399999022483826,0.3045499920845032,0
2017-02-28,0.30489999055862427,0.3052999973297119,0.3041999936103821,0.30489999055862427,0
2017-03-01,0.3048500120639801,0.30550000071525574,0.304500013589859,0.3048500120639801,0
2017-03-02,0.30504998564720154,0.3053100109100342,0.3046000003814697,0.30504998564720154,0
2017-03-03,0.30524998903274536,0.30573999881744385,0.30480000376701355,0.30524998903274536,0
2017-03-06,0.30504998564720154,0.30542999505996704,0.3043999969959259,0.30504998564720154,0
2017-03-07,0.3052999973297119,0.30562999844551086,0.3046000003814697,0.3052999973297119,0
2017-03-08,0.30504998564720154,0.30562999844551086,0.3046000003814697,0.30504998564720154,0
2017-03-09,0.30504998564720154,0.30584999918937683,0.30469998717308044,0.30504998564720154,0
2017-03-10,0.30527999997138977,0.30570998787879944,0.3046000003814697,0.3052999973297119,0
2017-03-13,0.30527999997138977,0.30559998750686646,0.3043999969959259,0.30527999997138977,0
2017-03-14,0.30507001280784607,0.30546998977661133,0.304500013589859,0.30507001280784607,0
2017-03-15,0.30504998564720154,0.30559998750686646,0.30399999022483826,0.30504998564720154,0
2017-03-16,0.3050999939441681,0.3052000105381012,0.30410000681877136,0.3050999939441681,0
2017-03-17,0.304749995470047,0.304749995470047,0.30379998683929443,0.304749995470047,0
2017-03-20,0.30425000190734863,0.30445000529289246,0.30379998683929443,0.30425000190734863,0
2017-03-21,0.3046500086784363,0.30480000376701355,0.30379998683929443,0.3046500086784363,0
2017-03-22,0.30445000529289246,0.304749995470047,0.303600013256073,0.30445000529289246,0
2017-03-23,0.30445000529289246,0.3050999939441681,0.303600013256073,0.30445000529289246,0
2017-03-24,0.3041499853134155,0.30445000529289246,0.303600013256073,0.3041499853134155,0
2017-03-27,0.299919992685318,0.30425000190734863,0.30309998989105225,0.3041999936103821,0
2017-03-28,0.30393001437187195,0.3043000102043152,0.30329999327659607,0.30393001437187195,0
2017-03-29,0.3039500117301941,0.3045499920845032,0.303600013256073,0.3039500117301941,0
2017-03-30,0.3039500117301941,0.3048200011253357,0.3037000000476837,0.3039500117301941,0
2017-03-31,0.3041999936103821,0.3048900067806244,0.30379998683929443,0.3041999936103821,0
2017-04-03,0.299919992685318,0.3049300014972687,0.30399999022483826,0.3044700026512146,0
2017-04-04,0.3041999936103821,0.30489999055862427,0.30390000343322754,0.3041999936103821,0
2017-04-05,0.3041999936103821,0.3049600124359131,0.30390000343322754,0.3041999936103821,0
2017-04-06,0.30445000529289246,0.30489999055862427,0.30379998683929443,0.30445000529289246,0
2017-04-07,0.30445000529289246,0.3049300014972687,0.30390000343322754,0.30445000529289246,0
2017-04-10,0.299919992685318,0.30522000789642334,0.3043000102043152,0.304390013217926,0
2017-04-11,0.30524998903274536,0.3053300082683563,0.30410000681877136,0.30524998903274536,0
2017-04-12,0.304749995470047,0.3048799932003021,0.30399999022483826,0.304749995470047,0
2017-04-13,0.3045499920845032,0.304749995470047,0.30379998683929443,0.3045499920845032,0
2017-04-14,0.3042199909687042,0.30485999584198,0.30379998683929443,0.3042199909687042,0
2017-04-17,0.299919992685318,0.30476999282836914,0.30390000343322754,0.3042199909687042,0
2017-04-18,0.3042199909687042,0.30469998717308044,0.3037000000476837,0.3042199909687042,0
2017-04-19,0.3043999969959259,0.30452001094818115,0.3034000098705292,0.3043999969959259,0
2017-04-20,0.3041999936103821,0.30445000529289246,0.3034999966621399,0.3041999936103821,0
2017-04-21,0.30410000681877136,0.3045099973678589,0.3034999966621399,0.30410000681877136,0
2017-04-24,0.299919992685318,0.3041499853134155,0.30329999327659607,0.3041499853134155,0
2017-04-25,0.30390000343322754,0.3041499853134155,0.30309998989105225,0.30390000343322754,0
2017-04-26,0.30390000343322754,0.3043000102043152,0.3028999865055084,0.30390000343322754,0
2017-04-27,0.30390000343322754,0.30390000343322754,0.302700012922287,0.30390000343322754,0
2017-04-28,0.30390000343322754,0.30425000190734863,0.30320000648498535,0.30390000343322754,0
2017-05-01,0.299919992685318,0.3043000102043152,0.30320000648498535,0.30417001247406006,0
2017-05-02,0.3038800060749054,0.3042899966239929,0.30329999327659607,0.3038800060749054,0
2017-05-03,0.303849995136261,0.3041999936103821,0.30329999327659607,0.303849995136261,0
2017-05-04,0.303849995136261,0.30445000529289246,0.30329999327659607,0.303849995136261,0
2017-05-05,0.303849995136261,0.3039799928665161,0.30320000648498535,0.303849995136261,0
2017-05-08,0.3037000000476837,0.3041499853134155,0.30329999327659607,0.3037000000476837,0
2017-05-09,0.30379998683929443,0.3045099973678589,0.3034000098705292,0.30379998683929443,0
2017-05-10,0.30379998683929443,0.3046000003814697,0.303600013256073,0.30379998683929443,0
2017-05-11,0.30379998683929443,0.3048200011253357,0.30379998683929443,0.30379998683929443,0
2017-05-12,0.30379998683929443,0.30434998869895935,0.3037000000476837,0.30379998683929443,0
2017-05-15,0.3041999936103821,0.30441001057624817,0.3034000098705292,0.3041999936103821,0
2017-05-16,0.30425000190734863,0.3043000102043152,0.30329999327659607,0.30425000190734863,0
2017-05-17,0.30375999212265015,0.3043000102043152,0.3028999865055084,0.30375999212265015,0
2017-05-18,0.30355000495910645,0.303849995136261,0.30250000953674316,0.30355000495910645,0
2017-05-19,0.3031499981880188,0.3035399913787842,0.3025999963283539,0.3031499981880188,0
2017-05-22,0.30349001288414,0.30349001288414,0.30230000615119934,0.30349001288414,0
2017-05-23,0.30296000838279724,0.3032500147819519,0.30230000615119934,0.30296000838279724,0
2017-05-24,0.302949994802475,0.30355000495910645,0.30250000953674316,0.302949994802475,0
2017-05-25,0.30309998989105225,0.30344998836517334,0.30239999294281006,0.30309998989105225,0
2017-05-26,0.302949994802475,0.3034000098705292,0.3025999963283539,0.302949994802475,0
2017-05-29,0.302949994802475,0.30379998683929443,0.30250000953674316,0.302949994802475,0
2017-05-30,0.302949994802475,0.3037000000476837,0.30250000953674316,0.302949994802475,0
2017-05-31,0.302949994802475,0.30355000495910645,0.3025999963283539,0.302949994802475,0
2017-06-01,0.302949994802475,0.3034000098705292,0.30250000953674316,0.302949994802475,0
2017-06-02,0.302949994802475,0.3034999966621399,0.30250000953674316,0.302949994802475,0
2017-06-05,0.30316999554634094,0.30329999327659607,0.30265000462532043,0.30316999554634094,0
2017-06-06,0.30274999141693115,0.3031499981880188,0.30254998803138733,0.30274999141693115,0
2017-06-07,0.30265000462532043,0.3031100034713745,0.30254998803138733,0.30265000462532043,0
2017-06-08,0.30265000462532043,0.30320999026298523,0.30254998803138733,0.30265000462532043,0
2017-06-09,0.30265000462532043,0.3035300076007843,0.30265000462532043,0.30265000462532043,0
2017-06-12,0.3031400144100189,0.30351001024246216,0.3026300072669983,0.3031400144100189,0
2017-06-13,0.30265000462532043,0.3034000098705292,0.30265000462532043,0.30265000462532043,0
2017-06-14,0.3030500113964081,0.3034299910068512,0.3026300072669983,0.3030500113964081,0
2017-06-15,0.302949994802475,0.30351999402046204,0.3028300106525421,0.302949994802475,0
2017-06-16,0.30281999707221985,0.3031499981880188,0.30281999707221985,0.30281999707221985,0
2017-06-19,0.303600013256073,0.303600013256073,0.3026300072669983,0.30296000838279724,0
2017-06-20,0.30281999707221985,0.30364999175071716,0.30250000953674316,0.30281999707221985,0
2017-06-21,0.30281999707221985,0.3033500015735626,0.30250000953674316,0.30281999707221985,0
2017-06-22,0.30281999707221985,0.3036699891090393,0.3025999963283539,0.30281999707221985,0
2017-06-23,0.30320000648498535,0.3037000000476837,0.3025999963283539,0.30320000648498535,0
2017-06-26,0.30305999517440796,0.303629994392395,0.3025999963283539,0.30305999517440796,0
2017-06-27,0.30320000648498535,0.30329999327659607,0.3025999963283539,0.30320000648498535,0
2017-06-28,0.30320000648498535,0.30329999327659607,0.3021000027656555,0.30320000648498535,0
2017-06-29,0.3028300106525421,0.3028300106525421,0.3019999861717224,0.3028300106525421,0
2017-06-30,0.3028300106525421,0.3028300106525421,0.3018999993801117,0.3028300106525421,0
2017-07-03,0.302949994802475,0.3030399978160858,0.3019999861717224,0.302949994802475,0
2017-07-04,0.3028300106525421,0.3028300106525421,0.30219998955726624,0.3028300106525421,0
2017-07-05,0.30274999141693115,0.3027999997138977,0.3019999861717224,0.30274999141693115,0
2017-07-06,0.3027600049972534,0.3031499981880188,0.3021000027656555,0.3027600049972534,0
2017-07-07,0.3027600049972534,0.3027600049972534,0.3021000027656555,0.3027600049972534,0
2017-07-10,0.3026300072669983,0.302949994802475,0.30219998955726624,0.3026300072669983,0
2017-07-12,0.30274999141693115,0.30300000309944153,0.3018999993801117,0.30274999141693115,0
2017-07-13,0.30254998803138733,0.3030700087547302,0.3019999861717224,0.30254998803138733,0
2017-07-14,0.3028300106525421,0.3028300106525421,0.3019999861717224,0.3028300106525421,0
2017-07-17,0.302480012178421,0.3027999997138977,0.301800012588501,0.302480012178421,0
2017-07-18,0.3022499978542328,0.30265000462532043,0.30160000920295715,0.3022499978542328,0
2017-07-19,0.3021799921989441,0.30265000462532043,0.30149999260902405,0.3021799921989441,0
2017-07-20,0.30261000990867615,0.30261000990867615,0.30149999260902405,0.30261000990867615,0
2017-07-21,0.30219998955726624,0.3024500012397766,0.3012999892234802,0.30219998955726624,0
2017-07-24,0.301800012588501,0.301800012588501,0.3012000024318695,0.301800012588501,0
2017-07-25,0.30171000957489014,0.3021700084209442,0.3009999990463257,0.30171000957489014,0
2017-07-26,0.30171000957489014,0.3018999993801117,0.3012999892234802,0.30171000957489014,0
2017-07-27,0.3018999993801117,0.30230000615119934,0.30090001225471497,0.3018999993801117,0
2017-07-28,0.3015500009059906,0.3017500042915344,0.30090001225471497,0.3015500009059906,0
2017-07-31,0.30204999446868896,0.30204999446868896,0.30079999566078186,0.30204999446868896,0
2017-08-01,0.3012999892234802,0.30191001296043396,0.30070000886917114,0.3012999892234802,0
2017-08-02,0.30160000920295715,0.30160000920295715,0.30070000886917114,0.30160000920295715,0
2017-08-03,0.3013100028038025,0.30160999298095703,0.30059999227523804,0.3013100028038025,0
2017-08-04,0.3013100028038025,0.30169999599456787,0.30094999074935913,0.3013100028038025,0
2017-08-07,0.3015500009059906,0.30160000920295715,0.30079999566078186,0.3015500009059906,0
2017-08-08,0.3014500141143799,0.30149999260902405,0.30079999566078186,0.3014500141143799,0
2017-08-09,0.3014400005340576,0.30149999260902405,0.30090001225471497,0.3014400005340576,0
2017-08-10,0.301470011472702,0.30156999826431274,0.30090001225471497,0.301470011472702,0
2017-08-11,0.3014500141143799,0.3014500141143799,0.30090001225471497,0.3014500141143799,0
2017-08-14,0.3013400137424469,0.30149999260902405,0.30079999566078186,0.3013400137424469,0
2017-08-15,0.3014500141143799,0.30156999826431274,0.3005000054836273,0.3014500141143799,0
2017-08-16,0.3014500141143799,0.3017500042915344,0.3012000024318695,0.3014500141143799,0
2017-08-17,0.3015500009059906,0.3017500042915344,0.30090001225471497,0.3015500009059906,0
2017-08-18,0.30140000581741333,0.3016499876976013,0.30090001225471497,0.30140000581741333,0
2017-08-21,0.3014200031757355,0.30149999260902405,0.30079999566078186,0.3014200031757355,0
2017-08-22,0.30140000581741333,0.3014200031757355,0.30079999566078186,0.30140000581741333,0
2017-08-23,0.30140000581741333,0.30195000767707825,0.30079999566078186,0.30140000581741333,0
2017-08-24,0.30140000581741333,0.30169999599456787,0.30090001225471497,0.30140000581741333,0
2017-08-25,0.30140000581741333,0.30177998542785645,0.3013499975204468,0.30140000581741333,0
2017-08-28,0.30140000581741333,0.30140000581741333,0.30070000886917114,0.30140000581741333,0
2017-08-29,0.30140000581741333,0.30140000581741333,0.3003000020980835,0.30140000581741333,0
2017-08-30,0.3014500141143799,0.30140000581741333,0.3003999888896942,0.30066999793052673,0
2017-08-31,0.30094999074935913,0.3012999892234802,0.3005000054836273,0.30094999074935913,0
2017-09-01,0.30094999074935913,0.3012000024318695,0.3003999888896942,0.30094999074935913,0
2017-09-04,0.30125999450683594,0.30125999450683594,0.3003999888896942,0.30125999450683594,0
2017-09-05,0.30094999074935913,0.30149999260902405,0.3005000054836273,0.30094999074935913,0
2017-09-06,0.30094999074935913,0.3012999892234802,0.3003000020980835,0.30094999074935913,0
2017-09-07,0.30094999074935913,0.30140000581741333,0.3003000020980835,0.30094999074935913,0
2017-09-08,0.30094999074935913,0.30094999074935913,0.29989999532699585,0.30094999074935913,0
2017-09-11,0.3003300130367279,0.3011299967765808,0.3001999855041504,0.3003300130367279,0
2017-09-12,0.30094999074935913,0.30094999074935913,0.3003000020980835,0.30094999074935913,0
2017-09-13,0.30094999074935913,0.30125001072883606,0.3003000020980835,0.30094999074935913,0
2017-09-14,0.3008500039577484,0.3014099895954132,0.3005000054836273,0.3008500039577484,0
2017-09-15,0.3008500039577484,0.3008500039577484,0.3000999987125397,0.3008500039577484,0
2017-09-18,0.30079999566078186,0.30114999413490295,0.3001999855041504,0.30079999566078186,0
2017-09-19,0.3008599877357483,0.30129000544548035,0.3003000020980835,0.3008599877357483,0
2017-09-20,0.3008599877357483,0.30121999979019165,0.3003000020980835,0.3008599877357483,0
2017-09-21,0.3008599877357483,0.3015500009059906,0.30059999227523804,0.3008599877357483,0
2017-09-22,0.3008599877357483,0.30131998658180237,0.3005000054836273,0.3008599877357483,0
2017-09-25,0.300929993391037,0.3015500009059906,0.3005000054836273,0.300929993391037,0
2017-09-26,0.3008599877357483,0.30149999260902405,0.30070000886917114,0.3008599877357483,0
2017-09-27,0.30136001110076904,0.30191001296043396,0.30079999566078186,0.30136001110076904,0
2017-09-28,0.3008599877357483,0.301800012588501,0.30070000886917114,0.3008599877357483,0
2017-09-29,0.3008599877357483,0.30184999108314514,0.30070000886917114,0.3008599877357483,0
2017-10-02,0.301470011472702,0.3016499876976013,0.3010999858379364,0.301470011472702,0
2017-10-03,0.30156999826431274,0.301829993724823,0.30070000886917114,0.30156999826431274,0
2017-10-04,0.30156001448631287,0.3019999861717224,0.3009999990463257,0.30156001448631287,0
2017-10-05,0.30156001448631287,0.3019999861717224,0.3010999858379364,0.30156001448631287,0
2017-10-06,0.30156001448631287,0.3021700084209442,0.3010999858379364,0.30156001448631287,0
2017-10-09,0.30171000957489014,0.30180999636650085,0.30171000957489014,0.30171000957489014,0
2017-10-10,0.30156001448631287,0.30230000615119934,0.30090001225471497,0.30156001448631287,0
2017-10-11,0.3015899956226349,0.30169999599456787,0.30090001225471497,0.3015899956226349,0
2017-10-12,0.30184000730514526,0.30191999673843384,0.30090001225471497,0.30184000730514526,0
2017-10-13,0.30171000957489014,0.30184999108314514,0.30079999566078186,0.30171000957489014,0
2017-10-16,0.3013499975204468,0.3016499876976013,0.3009999990463257,0.3013499975204468,0
2017-10-17,0.3015899956226349,0.30215001106262207,0.3009999990463257,0.3015899956226349,0
2017-10-18,0.3016600012779236,0.30204999446868896,0.3010999858379364,0.3016600012779236,0
2017-10-19,0.30171000957489014,0.3019999861717224,0.30090001225471497,0.30171000957489014,0
2017-10-20,0.30171000957489014,0.3019999861717224,0.30079999566078186,0.30171000957489014,0
2017-10-23,0.3018999993801117,0.3018999993801117,0.3009999990463257,0.3018999993801117,0
2017-10-24,0.30169999599456787,0.3021000027656555,0.3012000024318695,0.30169999599456787,0
2017-10-25,0.30169999599456787,0.30230000615119934,0.3012000024318695,0.30169999599456787,0
2017-10-26,0.30169999599456787,0.30230000615119934,0.3010999858379364,0.30169999599456787,0
2017-10-27,0.30169999599456787,0.30267998576164246,0.3012999892234802,0.30169999599456787,0
2017-10-30,0.30215001106262207,0.30265000462532043,0.30079999566078186,0.30215001106262207,0
2017-10-31,0.30169999599456787,0.3023500144481659,0.30140000581741333,0.30169999599456787,0
2017-11-01,0.30169999599456787,0.30250000953674316,0.30149999260902405,0.30169999599456787,0
2017-11-02,0.30169999599456787,0.30250000953674316,0.30140000581741333,0.30169999599456787,0
2017-11-03,0.3021300137042999,0.30250000953674316,0.30160000920295715,0.3021300137042999,0
2017-11-06,0.30219998955726624,0.30265000462532043,0.30160000920295715,0.30219998955726624,0
2017-11-07,0.30169999599456787,0.3023799955844879,0.3012999892234802,0.30169999599456787,0
2017-11-08,0.30169999599456787,0.302700012922287,0.30160000920295715,0.30169999599456787,0
2017-11-09,0.30169999599456787,0.30272001028060913,0.30149999260902405,0.30169999599456787,0
2017-11-10,0.30169999599456787,0.30265000462532043,0.30169999599456787,0.30169999599456787,0
2017-11-13,0.3022499978542328,0.30250999331474304,0.30149999260902405,0.3022499978542328,0
2017-11-14,0.30171999335289,0.30239999294281006,0.3012000024318695,0.30171999335289,0
2017-11-15,0.3016799986362457,0.30215001106262207,0.3010999858379364,0.3016799986362457,0
2017-11-17,0.30169999599456787,0.30204999446868896,0.3009999990463257,0.30169999599456787,0
2017-11-20,0.30149999260902405,0.301800012588501,0.30090001225471497,0.30149999260902405,0
2017-11-21,0.3014799952507019,0.301800012588501,0.3009999990463257,0.3014799952507019,0
2017-11-22,0.30169999599456787,0.3019999861717224,0.3010999858379364,0.30169999599456787,0
2017-11-23,0.3018999993801117,0.3018999993801117,0.30070000886917114,0.3018999993801117,0
2017-11-24,0.30169999599456787,0.30169999599456787,0.2987000048160553,0.30169999599456787,0
2017-11-27,0.3014500141143799,0.3014500141143799,0.3005000054836273,0.3014500141143799,0
2017-11-28,0.30114999413490295,0.30149999260902405,0.3005000054836273,0.30114999413490295,0
2017-11-29,0.3012999892234802,0.30149999260902405,0.30059999227523804,0.3012999892234802,0
2017-11-30,0.3011299967765808,0.3012099862098694,0.30070000886917114,0.30118000507354736,0
2017-12-01,0.3016499876976013,0.3016499876976013,0.30070000886917114,0.3016499876976013,0
2017-12-04,0.30114999413490295,0.30169999599456787,0.30070000886917114,0.30114999413490295,0
2017-12-05,0.30169999599456787,0.30169999599456787,0.30070000886917114,0.30169999599456787,0
2017-12-06,0.30156001448631287,0.3016499876976013,0.30079999566078186,0.30156001448631287,0
2017-12-07,0.30160999298095703,0.30160999298095703,0.30079999566078186,0.30160999298095703,0
2017-12-08,0.3016299903392792,0.30184999108314514,0.3009999990463257,0.3016299903392792,0
2017-12-11,0.30140000581741333,0.30215001106262207,0.3010999858379364,0.30140000581741333,0
2017-12-12,0.30169999599456787,0.3017599880695343,0.3010999858379364,0.30169999599456787,0
2017-12-13,0.301690012216568,0.30215001106262207,0.30079999566078186,0.301690012216568,0
2017-12-14,0.30169999599456787,0.301800012588501,0.30079999566078186,0.30169999599456787,0
2017-12-15,0.3015899956226349,0.3015899956226349,0.30090001225471497,0.3015899956226349,0
2017-12-18,0.3014200031757355,0.3017500042915344,0.30090001225471497,0.3014200031757355,0
2017-12-19,0.30169999599456787,0.30169999599456787,0.3009999990463257,0.30169999599456787,0
2017-12-20,0.30169999599456787,0.30169999599456787,0.30090001225471497,0.30169999599456787,0
2017-12-21,0.3016200065612793,0.3016200065612793,0.3009999990463257,0.3016200065612793,0
2017-12-22,0.30169999599456787,0.30169999599456787,0.3010999858379364,0.30169999599456787,0
2017-12-25,0.30153000354766846,0.30153000354766846,0.30090001225471497,0.30153000354766846,0
2017-12-26,0.30153000354766846,0.30184999108314514,0.30090001225471497,0.30153000354766846,0
2017-12-27,0.30169999599456787,0.30169999599456787,0.30090001225471497,0.30169999599456787,0
2017-12-28,0.3016299903392792,0.3018999993801117,0.30090001225471497,0.301800012588501,0
2017-12-29,0.3016299903392792,0.3018999993801117,0.30070000886917114,0.3016299903392792,0
2018-01-01,0.3010300099849701,0.3010300099849701,0.30090001225471497,0.3010300099849701,0
2018-01-02,0.3010300099849701,0.3012000024318695,0.3003000020980835,0.3010300099849701,0
2018-01-03,0.3008599877357483,0.3012000024318695,0.3003000020980835,0.3008599877357483,0
2018-01-04,0.3012999892234802,0.30140000581741333,0.3003000020980835,0.3012999892234802,0
2018-01-05,0.30105000734329224,0.30140000581741333,0.3003999888896942,0.30105000734329224,0
2018-01-08,0.3008599877357483,0.3014500141143799,0.3003999888896942,0.3008599877357483,0
2018-01-09,0.30094999074935913,0.3013499975204468,0.3003999888896942,0.30098000168800354,0
2018-01-10,0.3009899854660034,0.3015500009059906,0.3005000054836273,0.3009899854660034,0
2018-01-11,0.3011299967765808,0.30160000920295715,0.3005000054836273,0.3011299967765808,0
2018-01-12,0.3012300133705139,0.3011299967765808,0.3000999987125397,0.3011299967765808,0
2018-01-15,0.300680011510849,0.300680011510849,0.2994999885559082,0.300680011510849,0
2018-01-16,0.30017998814582825,0.30149999260902405,0.2994000017642975,0.30017998814582825,0
2018-01-17,0.30008000135421753,0.3001300096511841,0.2994000017642975,0.30008000135421753,0
2018-01-18,0.30008000135421753,0.3006500005722046,0.2994999885559082,0.30008000135421753,0
2018-01-19,0.3001599907875061,0.3001599907875061,0.2992999851703644,0.3001599907875061,0
2018-01-22,0.2998799979686737,0.3001199960708618,0.2994000017642975,0.2998799979686737,0
2018-01-23,0.3000600039958954,0.3003000020980835,0.2992999851703644,0.3000600039958954,0
2018-01-24,0.2999500036239624,0.2999500036239624,0.298799991607666,0.2999500036239624,0
2018-01-25,0.2994999885559082,0.299699991941452,0.2985000014305115,0.2994999885559082,0
2018-01-26,0.29899999499320984,0.2994700074195862,0.2985999882221222,0.29899999499320984,0
2018-01-29,0.299699991941452,0.299699991941452,0.2985999882221222,0.299699991941452,0
2018-01-30,0.29899999499320984,0.29965001344680786,0.2985999882221222,0.29899999499320984,0
2018-01-31,0.29899999499320984,0.2992199957370758,0.29840001463890076,0.29899999499320984,0
2018-02-01,0.29899999499320984,0.29954999685287476,0.2985000014305115,0.29899999499320984,0
2018-02-02,0.29919999837875366,0.2994900047779083,0.29840001463890076,0.29919999837875366,0
2018-02-05,0.2994000017642975,0.29976001381874084,0.2985999882221222,0.2994000017642975,0
2018-02-06,0.29919999837875366,0.29980000853538513,0.2985999882221222,0.29919999837875366,0
2018-02-07,0.29919999837875366,0.29958000779151917,0.2987000048160553,0.29919999837875366,0
2018-02-08,0.2994300127029419,0.29986000061035156,0.2989000082015991,0.2994300127029419,0
2018-02-09,0.2994300127029419,0.2997500002384186,0.2989000082015991,0.2994300127029419,0
2018-02-12,0.29919999837875366,0.29978999495506287,0.29910001158714294,0.29919999837875366,0
2018-02-13,0.2994300127029419,0.29989999532699585,0.2989000082015991,0.2994300127029419,0
2018-02-14,0.2996799945831299,0.29978999495506287,0.2985999882221222,0.2996799945831299,0
2018-02-15,0.2994300127029419,0.2994300127029419,0.29820001125335693,0.2994300127029419,0
2018-02-16,0.29899999499320984,0.29927000403404236,0.2980000078678131,0.29899999499320984,0
2018-02-19,0.29829999804496765,0.2991200089454651,0.29829999804496765,0.29829999804496765,0
2018-02-20,0.2991600036621094,0.29930999875068665,0.2985999882221222,0.29903000593185425,0
2018-02-21,0.2991499900817871,0.2997500002384186,0.2985999882221222,0.2991499900817871,0
2018-02-22,0.2991499900817871,0.2999500036239624,0.298799991607666,0.2991499900817871,0
2018-02-23,0.2991499900817871,0.29989999532699585,0.298799991607666,0.2991499900817871,0
2018-02-26,0.2994000017642975,0.29947999119758606,0.2985000014305115,0.2994000017642975,0
2018-02-27,0.2991499900817871,0.2995400130748749,0.2987000048160553,0.2991499900817871,0
2018-02-28,0.2991499900817871,0.3000499904155731,0.29910001158714294,0.2991499900817871,0
2018-03-01,0.2991499900817871,0.3001500070095062,0.2991499900817871,0.2991499900817871,0
2018-03-02,0.2991499900817871,0.30000001192092896,0.298799991607666,0.2991499900817871,0
2018-03-05,0.29989999532699585,0.29989999532699585,0.298799991607666,0.29989999532699585,0
2018-03-06,0.2992999851703644,0.29980000853538513,0.2987000048160553,0.2992999851703644,0
2018-03-07,0.2992500066757202,0.29965001344680786,0.298799991607666,0.29923000931739807,0
2018-03-08,0.2992900013923645,0.2996399998664856,0.2989000082015991,0.2992900013923645,0
2018-03-09,0.299699991941452,0.2998499870300293,0.298799991607666,0.299699991941452,0
2018-03-12,0.3001999855041504,0.3001999855041504,0.29910001158714294,0.3001999855041504,0
2018-03-13,0.2997500002384186,0.29978999495506287,0.298799991607666,0.2997500002384186,0
2018-03-14,0.299699991941452,0.299699991941452,0.2987000048160553,0.299699991941452,0
2018-03-15,0.2995400130748749,0.29967001080513,0.2985999882221222,0.29967001080513,0
2018-03-16,0.2994000017642975,0.29989999532699585,0.298799991607666,0.2994000017642975,0
2018-03-19,0.29941999912261963,0.29980000853538513,0.298799991607666,0.29941999912261963,0
2018-03-20,0.29940998554229736,0.2999500036239624,0.2987000048160553,0.2995400130748749,0
2018-03-21,0.29958000779151917,0.29989999532699585,0.298799991607666,0.29958000779151917,0
2018-03-22,0.2994300127029419,0.29954999685287476,0.29840001463890076,0.2994300127029419,0
2018-03-23,0.2991499900817871,0.2994999885559082,0.2985000014305115,0.2991499900817871,0
2018-03-26,0.2991499900817871,0.2994000017642975,0.29820001125335693,0.2991499900817871,0
2018-03-27,0.2990399897098541,0.2992999851703644,0.29820001125335693,0.2990399897098541,0
2018-03-28,0.2990500032901764,0.2991499900817871,0.29829999804496765,0.2990500032901764,0
2018-03-29,0.29884999990463257,0.299699991941452,0.2985999882221222,0.29884999990463257,0
2018-03-30,0.2992999851703644,0.2994700074195862,0.2985999882221222,0.2992999851703644,0
2018-04-02,0.2992999851703644,0.2995299994945526,0.2987000048160553,0.2992999851703644,0
2018-04-03,0.2987000048160553,0.29965999722480774,0.2985999882221222,0.2992999851703644,0
2018-04-04,0.29940998554229736,0.299699991941452,0.298799991607666,0.29940998554229736,0
2018-04-05,0.2994300127029419,0.299699991941452,0.29899999499320984,0.2994300127029419,0
2018-04-06,0.2996000051498413,0.299780011177063,0.29899999499320984,0.2996000051498413,0
2018-04-09,0.29910001158714294,0.29980000853538513,0.298799991607666,0.29962998628616333,0
2018-04-10,0.2996000051498413,0.29980000853538513,0.298799991607666,0.2996000051498413,0
2018-04-11,0.29945001006126404,0.2994999885559082,0.2987000048160553,0.29945001006126404,0
2018-04-12,0.29934999346733093,0.29951000213623047,0.298799991607666,0.29934999346733093,0
2018-04-13,0.29934999346733093,0.29989001154899597,0.2987000048160553,0.29934999346733093,0
2018-04-16,0.2993299961090088,0.299699991941452,0.2987000048160553,0.2993299961090088,0
2018-04-17,0.29934999346733093,0.29941999912261963,0.2985999882221222,0.29934999346733093,0
2018-04-18,0.29934999346733093,0.2997399866580963,0.298799991607666,0.29934999346733093,0
2018-04-19,0.29934999346733093,0.2995400130748749,0.2987000048160553,0.29934999346733093,0
2018-04-20,0.29934999346733093,0.2996799945831299,0.29899999499320984,0.29934999346733093,0
2018-04-23,0.29962000250816345,0.3000999987125397,0.29919999837875366,0.29962000250816345,0
2018-04-24,0.29934999346733093,0.3003700077533722,0.29934999346733093,0.29934999346733093,0
2018-04-25,0.29934999346733093,0.3005000054836273,0.29934999346733093,0.29934999346733093,0
2018-04-26,0.30024001002311707,0.30077001452445984,0.2994999885559082,0.30024001002311707,0
2018-04-27,0.30024999380111694,0.3009600043296814,0.29980000853538513,0.30024999380111694,0
2018-04-30,0.30094999074935913,0.300929993391037,0.29989999532699585,0.30046001076698303,0
2018-05-01,0.30044999718666077,0.30044999718666077,0.29989999532699585,0.30044999718666077,0
2018-05-02,0.30114999413490295,0.3009899854660034,0.3001999855041504,0.30044999718666077,0
2018-05-03,0.30087000131607056,0.30131998658180237,0.3001999855041504,0.30087000131607056,0
2018-05-04,0.30090001225471497,0.3012000024318695,0.3001999855041504,0.30090001225471497,0
2018-05-07,0.30090999603271484,0.30094000697135925,0.3003000020980835,0.30090999603271484,0
2018-05-08,0.3008599877357483,0.30114999413490295,0.3003999888896942,0.3008599877357483,0
2018-05-09,0.30107998847961426,0.30164000391960144,0.30059999227523804,0.30107998847961426,0
2018-05-10,0.30107998847961426,0.3016600012779236,0.3005000054836273,0.30107998847961426,0
2018-05-11,0.30114999413490295,0.30156001448631287,0.3003999888896942,0.30114999413490295,0
2018-05-14,0.3009899854660034,0.3014200031757355,0.3003000020980835,0.3009899854660034,0
2018-05-15,0.30105000734329224,0.3018600046634674,0.3003999888896942,0.30105000734329224,0
2018-05-16,0.3012999892234802,0.30149000883102417,0.30079999566078186,0.3012999892234802,0
2018-05-17,0.3014500141143799,0.30156999826431274,0.30090001225471497,0.3014500141143799,0
2018-05-18,0.3015100061893463,0.301690012216568,0.3009999990463257,0.3015100061893463,0
2018-05-21,0.3015199899673462,0.3021300137042999,0.30090001225471497,0.3015199899673462,0
2018-05-22,0.3014500141143799,0.3019599914550781,0.30090001225471497,0.3014500141143799,0
2018-05-23,0.3014500141143799,0.3021700084209442,0.3009999990463257,0.3014500141143799,0
2018-05-24,0.3014500141143799,0.3017599880695343,0.3010999858379364,0.3014500141143799,0
2018-05-25,0.3014500141143799,0.3019999861717224,0.3010999858379364,0.3014500141143799,0
2018-05-28,0.30219998955726624,0.3018699884414673,0.3012000024318695,0.30184999108314514,0
2018-05-29,0.3017500042915344,0.3023200035095215,0.3012000024318695,0.3017500042915344,0
2018-05-30,0.3019300103187561,0.3019999861717224,0.3012000024318695,0.3019300103187561,0
2018-05-31,0.3018999993801117,0.30219000577926636,0.3009999990463257,0.3018999993801117,0
2018-06-01,0.3018699884414673,0.30232998728752136,0.3010999858379364,0.3018699884414673,0
2018-06-04,0.3018600046634674,0.3021099865436554,0.3009999990463257,0.3018600046634674,0
2018-06-05,0.3017500042915344,0.30219998955726624,0.3012000024318695,0.3017500042915344,0
2018-06-06,0.3017500042915344,0.3019999861717224,0.30090001225471497,0.3017500042915344,0
2018-06-07,0.3017300069332123,0.3018999993801117,0.30070000886917114,0.3017300069332123,0
2018-06-08,0.3015500009059906,0.3016299903392792,0.30090001225471497,0.3015500009059906,0
2018-06-11,0.3016299903392792,0.3016299903392792,0.30079999566078186,0.3016299903392792,0
2018-06-12,0.3014500141143799,0.3016799986362457,0.30090001225471497,0.3014500141143799,0
2018-06-13,0.30160000920295715,0.3019999861717224,0.3010999858379364,0.30160000920295715,0
2018-06-14,0.30167001485824585,0.3019999861717224,0.30090001225471497,0.30167001485824585,0
2018-06-15,0.30160000920295715,0.3025600016117096,0.30149999260902405,0.30160000920295715,0
2018-06-18,0.30239999294281006,0.3022199869155884,0.30149999260902405,0.30215001106262207,0
2018-06-19,0.30215001106262207,0.30226999521255493,0.30149999260902405,0.30215001106262207,0
2018-06-20,0.3021799921989441,0.30265000462532043,0.30160000920295715,0.3021799921989441,0
2018-06-21,0.3022499978542328,0.30267998576164246,0.30149999260902405,0.3022499978542328,0
2018-06-22,0.30215001106262207,0.30250000953674316,0.3012999892234802,0.30215001106262207,0
2018-06-25,0.30230000615119934,0.30230000615119934,0.3012999892234802,0.30202001333236694,0
2018-06-26,0.30195000767707825,0.30230000615119934,0.3012999892234802,0.30195000767707825,0
2018-06-27,0.3019700050354004,0.3025999963283539,0.30140000581741333,0.3019700050354004,0
2018-06-28,0.3020299971103668,0.3026899993419647,0.30169999599456787,0.3020299971103668,0
2018-06-29,0.30195000767707825,0.30274999141693115,0.30160000920295715,0.30195000767707825,0
2018-07-02,0.30169999599456787,0.30230000615119934,0.30160000920295715,0.30226001143455505,0
2018-07-03,0.30195000767707825,0.3025600016117096,0.30149999260902405,0.30195000767707825,0
2018-07-04,0.30219998955726624,0.30219998955726624,0.30140000581741333,0.30219998955726624,0
2018-07-05,0.3021300137042999,0.3025600016117096,0.30140000581741333,0.3021300137042999,0
2018-07-06,0.3021099865436554,0.3024500012397766,0.30140000581741333,0.3021099865436554,0
2018-07-09,0.3019999861717224,0.3019999861717224,0.30140000581741333,0.3019999861717224,0
2018-07-10,0.3020800054073334,0.30215999484062195,0.3012999892234802,0.3020800054073334,0
2018-07-11,0.30204999446868896,0.3021000027656555,0.3012999892234802,0.30204999446868896,0
2018-07-12,0.3021000027656555,0.3024199903011322,0.30169999599456787,0.3021000027656555,0
2018-07-13,0.2989000082015991,0.302839994430542,0.3018999993801117,0.3021000027656555,0
2018-07-16,0.3026599884033203,0.3026599884033203,0.30149999260902405,0.3026599884033203,0
2018-07-17,0.30250000953674316,0.30250000953674316,0.30160000920295715,0.30250000953674316,0
2018-07-18,0.3022499978542328,0.3029100000858307,0.301800012588501,0.3022499978542328,0
2018-07-19,0.30250000953674316,0.3029100000858307,0.3018999993801117,0.30250000953674316,0
2018-07-20,0.30254998803138733,0.30278000235557556,0.30169999599456787,0.30254998803138733,0
2018-07-23,0.30230000615119934,0.30230000615119934,0.30140000581741333,0.30230000615119934,0
2018-07-24,0.30254000425338745,0.30254000425338745,0.30149999260902405,0.30254000425338745,0
2018-07-25,0.30254998803138733,0.30254998803138733,0.30149999260902405,0.30254998803138733,0
2018-07-26,0.30204999446868896,0.30223000049591064,0.30140000581741333,0.30204999446868896,0
2018-07-27,0.3025200068950653,0.3025200068950653,0.30160000920295715,0.3025200068950653,0
2018-07-30,0.3022499978542328,0.30263999104499817,0.30149999260902405,0.3022499978542328,0
2018-07-31,0.3024100065231323,0.3024100065231323,0.30140000581741333,0.3024100065231323,0
2018-08-01,0.30235999822616577,0.30254998803138733,0.30169999599456787,0.30235999822616577,0
2018-08-02,0.30219998955726624,0.3024100065231323,0.30169999599456787,0.30219998955726624,0
2018-08-03,0.3022800087928772,0.30285000801086426,0.301800012588501,0.3022800087928772,0
2018-08-06,0.30239999294281006,0.3027999997138977,0.3019999861717224,0.30239999294281006,0
2018-08-07,0.30219000577926636,0.3028999865055084,0.30169999599456787,0.30219000577926636,0
2018-08-08,0.30243000388145447,0.30296000838279724,0.301800012588501,0.30243000388145447,0
2018-08-09,0.3024899959564209,0.3028999865055084,0.30169999599456787,0.3024899959564209,0
2018-08-10,0.30243000388145447,0.30309998989105225,0.3019999861717224,0.30243000388145447,0
2018-08-13,0.30230000615119934,0.30333998799324036,0.30230000615119934,0.3027400076389313,0
2018-08-14,0.302700012922287,0.30329999327659607,0.30219998955726624,0.302700012922287,0
2018-08-15,0.30285000801086426,0.30355000495910645,0.30250000953674316,0.30285000801086426,0
2018-08-16,0.30285000801086426,0.30336999893188477,0.30239999294281006,0.30285000801086426,0
2018-08-17,0.30285000801086426,0.30344998836517334,0.30250000953674316,0.30285000801086426,0
2018-08-20,0.30302000045776367,0.30329999327659607,0.30230000615119934,0.30302000045776367,0
2018-08-21,0.30285000801086426,0.3030700087547302,0.3021000027656555,0.30285000801086426,0
2018-08-22,0.30278000235557556,0.3027999997138977,0.301800012588501,0.30278000235557556,0
2018-08-23,0.30243000388145447,0.3025600016117096,0.3018999993801117,0.30243000388145447,0
2018-08-24,0.302590012550354,0.30265000462532043,0.3019999861717224,0.302590012550354,0
2018-08-27,0.30254000425338745,0.30254000425338745,0.30169999599456787,0.30254000425338745,0
2018-08-28,0.3023900091648102,0.3023900091648102,0.30160000920295715,0.3023900091648102,0
2018-08-29,0.30215001106262207,0.3024199903011322,0.30160000920295715,0.30215001106262207,0
2018-08-30,0.30215001106262207,0.30223000049591064,0.30149999260902405,0.30215001106262207,0
2018-08-31,0.30219998955726624,0.30226999521255493,0.30140000581741333,0.30219998955726624,0
2018-09-03,0.3022800087928772,0.3025299906730652,0.301800012588501,0.3022800087928772,0
2018-09-04,0.30219998955726624,0.3026300072669983,0.30169999599456787,0.30219998955726624,0
2018-09-05,0.30239999294281006,0.3026300072669983,0.301800012588501,0.30239999294281006,0
2018-09-06,0.30239999294281006,0.3024100065231323,0.30169999599456787,0.30239999294281006,0
2018-09-07,0.30239999294281006,0.3024199903011322,0.30160000920295715,0.30239999294281006,0
2018-09-10,0.3018999993801117,0.3028999865055084,0.301800012588501,0.3024500012397766,0
2018-09-11,0.30239999294281006,0.3028700053691864,0.301800012588501,0.30239999294281006,0
2018-09-12,0.3024500012397766,0.3028999865055084,0.301800012588501,0.3024500012397766,0
2018-09-13,0.30246999859809875,0.302700012922287,0.30169999599456787,0.30246999859809875,0
2018-09-14,0.30239999294281006,0.302729994058609,0.30160000920295715,0.30239999294281006,0
2018-09-17,0.30226999521255493,0.30278000235557556,0.30169999599456787,0.30226999521255493,0
2018-09-18,0.3024600148200989,0.3027699887752533,0.30160000920295715,0.3024600148200989,0
2018-09-19,0.30243000388145447,0.30243000388145447,0.30160000920295715,0.30243000388145447,0
2018-09-20,0.30230000615119934,0.3023200035095215,0.30149999260902405,0.30230000615119934,0
2018-09-21,0.3020800054073334,0.30237001180648804,0.30149999260902405,0.3020800054073334,0
2018-09-24,0.30237001180648804,0.302619993686676,0.30140000581741333,0.30237001180648804,0
2018-09-25,0.30215001106262207,0.3022800087928772,0.30160000920295715,0.30215001106262207,0
2018-09-26,0.30215001106262207,0.30230000615119934,0.30149999260902405,0.30215001106262207,0
2018-09-27,0.3022899925708771,0.3025299906730652,0.30169999599456787,0.3022899925708771,0
2018-09-28,0.3022899925708771,0.30285000801086426,0.3021000027656555,0.3022899925708771,0
2018-10-01,0.30274999141693115,0.3034000098705292,0.30230000615119934,0.30274999141693115,0
2018-10-02,0.3022899925708771,0.3031800091266632,0.3022899925708771,0.3022899925708771,0
2018-10-03,0.3022899925708771,0.3031499981880188,0.3022899925708771,0.3022899925708771,0
2018-10-04,0.3032900094985962,0.303710013628006,0.3025999963283539,0.3032900094985962,0
2018-10-05,0.3022899925708771,0.30320000648498535,0.3022899925708771,0.3022899925708771,0
2018-10-08,0.30320999026298523,0.3032900094985962,0.3025999963283539,0.30320999026298523,0
2018-10-09,0.3022899925708771,0.3033500015735626,0.3022899925708771,0.3022899925708771,0
2018-10-10,0.3032500147819519,0.3036400079727173,0.30250000953674316,0.3032500147819519,0
2018-10-11,0.3025200068950653,0.303600013256073,0.3018999993801117,0.3025200068950653,0
2018-10-12,0.30230000615119934,0.30316999554634094,0.3021000027656555,0.30230000615119934,0
2018-10-15,0.30309998989105225,0.3030500113964081,0.3019999861717224,0.30281999707221985,0
2018-10-16,0.3025999963283539,0.30263999104499817,0.30169999599456787,0.3025999963283539,0
2018-10-17,0.3025999963283539,0.3030099868774414,0.301800012588501,0.3025999963283539,0
2018-10-18,0.30250000953674316,0.3027999997138977,0.3021000027656555,0.30250000953674316,0
2018-10-19,0.30278000235557556,0.3028999865055084,0.30219998955726624,0.30278000235557556,0
2018-10-22,0.30239999294281006,0.3033500015735626,0.30230000615119934,0.3028300106525421,0
2018-10-23,0.3028999865055084,0.30300000309944153,0.30230000615119934,0.3028999865055084,0
2018-10-24,0.3028999865055084,0.3033500015735626,0.30239999294281006,0.3028999865055084,0
2018-10-25,0.30300000309944153,0.303629994392395,0.30239999294281006,0.30300000309944153,0
2018-10-26,0.3031499981880188,0.3037000000476837,0.3025999963283539,0.3031499981880188,0
2018-10-29,0.3032200038433075,0.3032200038433075,0.30250000953674316,0.3032200038433075,0
2018-10-30,0.3031800091266632,0.30379000306129456,0.3025999963283539,0.3031800091266632,0
2018-10-31,0.3033300042152405,0.3039500117301941,0.3027999997138977,0.3033300042152405,0
2018-11-01,0.3033899962902069,0.30390000343322754,0.30219998955726624,0.3033899962902069,0
2018-11-02,0.30344998836517334,0.30344998836517334,0.3016499876976013,0.30344998836517334,0
2018-11-05,0.3031499981880188,0.3033599853515625,0.30219998955726624,0.3031499981880188,0
2018-11-06,0.30338001251220703,0.30338001251220703,0.30239999294281006,0.30338001251220703,0
2018-11-07,0.3032900094985962,0.30351999402046204,0.30239999294281006,0.3032900094985962,0
2018-11-08,0.3032900094985962,0.3037300109863281,0.3025999963283539,0.30309998989105225,0
2018-11-09,0.3032500147819519,0.3039500117301941,0.3028999865055084,0.30309998989105225,0
2018-11-12,0.30355000495910645,0.3038899898529053,0.30309998989105225,0.30355000495910645,0
2018-11-13,0.30382001399993896,0.30399999022483826,0.30320000648498535,0.30382001399993896,0
2018-11-14,0.30390000343322754,0.3043299913406372,0.30320000648498535,0.30390000343322754,0
2018-11-15,0.30390000343322754,0.3042599856853485,0.30300000309944153,0.30390000343322754,0
2018-11-16,0.303849995136261,0.303849995136261,0.30309998989105225,0.303849995136261,0
2018-11-19,0.30368998646736145,0.30382001399993896,0.3027999997138977,0.30368998646736145,0
2018-11-20,0.30344998836517334,0.30386999249458313,0.3025999963283539,0.30344998836517334,0
2018-11-21,0.3034999966621399,0.30406999588012695,0.3028999865055084,0.3034999966621399,0
2018-11-22,0.303600013256073,0.30362001061439514,0.3028999865055084,0.303600013256073,0
2018-11-23,0.3035700023174286,0.3041200041770935,0.3027999997138977,0.303600013256073,0
2018-11-26,0.30366000533103943,0.3041200041770935,0.3028999865055084,0.30366000533103943,0
2018-11-27,0.30364999175071716,0.30425000190734863,0.302700012922287,0.30364999175071716,0
2018-11-28,0.3037700057029724,0.3043299913406372,0.30320000648498535,0.3037700057029724,0
2018-11-29,0.30379998683929443,0.3040499985218048,0.3028999865055084,0.30379998683929443,0
2018-11-30,0.30379000306129456,0.30379000306129456,0.3028999865055084,0.30379000306129456,0
2018-12-03,0.30371999740600586,0.30425000190734863,0.30300000309944153,0.30371999740600586,0
2018-12-04,0.30375000834465027,0.3041999936103821,0.3027999997138977,0.30375000834465027,0
2018-12-05,0.303710013628006,0.3040800094604492,0.3028999865055084,0.303710013628006,0
2018-12-06,0.303600013256073,0.30410000681877136,0.30300000309944153,0.303600013256073,0
2018-12-07,0.30364999175071716,0.30404001474380493,0.3028999865055084,0.30364999175071716,0
2018-12-10,0.30399999022483826,0.30399999022483826,0.3028999865055084,0.30399999022483826,0
2018-12-11,0.30355000495910645,0.30375999212265015,0.30300000309944153,0.30355000495910645,0
2018-12-12,0.30355000495910645,0.3041900098323822,0.30309998989105225,0.30355000495910645,0
2018-12-13,0.30355000495910645,0.30382001399993896,0.30300000309944153,0.30355000495910645,0
2018-12-14,0.30355000495910645,0.30449000000953674,0.30329999327659607,0.3036699891090393,0
2018-12-17,0.304390013217926,0.304390013217926,0.30320000648498535,0.304390013217926,0
2018-12-18,0.3036400079727173,0.3041499853134155,0.3028999865055084,0.3036400079727173,0
2018-12-19,0.30355000495910645,0.3036099970340729,0.3028999865055084,0.30355000495910645,0
2018-12-20,0.30355000495910645,0.3036099970340729,0.3028999865055084,0.30355000495910645,0
2018-12-21,0.30347999930381775,0.303710013628006,0.302700012922287,0.3034999966621399,0
2018-12-24,0.3041499853134155,0.3041499853134155,0.302700012922287,0.3041499853134155,0
2018-12-25,0.30344998836517334,0.30344998836517334,0.30250000953674316,0.30344998836517334,0
2018-12-26,0.3027999997138977,0.30344998836517334,0.30250000953674316,0.3027999997138977,0
2018-12-27,0.30375000834465027,0.30375000834465027,0.3025999963283539,0.30375000834465027,0
2018-12-28,0.30331000685691833,0.3034999966621399,0.30250000953674316,0.3034999966621399,0
2018-12-31,0.3025999963283539,0.3034000098705292,0.30230000615119934,0.3025999963283539,0
2019-01-01,0.30289000272750854,0.30289000272750854,0.30230000615119934,0.30289000272750854,0
2019-01-02,0.30239999294281006,0.3031899929046631,0.30230000615119934,0.30239999294281006,0
2019-01-03,0.30300000309944153,0.3033599853515625,0.30219998955726624,0.30300000309944153,0
2019-01-04,0.30285000801086426,0.3032500147819519,0.3021000027656555,0.3028799891471863,0
2019-01-07,0.30300000309944153,0.30300000309944153,0.3018999993801117,0.30300000309944153,0
2019-01-08,0.3025699853897095,0.30300000309944153,0.3019999861717224,0.3025699853897095,0
2019-01-09,0.3025699853897095,0.3026599884033203,0.3019999861717224,0.3025699853897095,0
2019-01-10,0.30232998728752136,0.30265000462532043,0.30149999260902405,0.30232998728752136,0
2019-01-11,0.30219998955726624,0.3023900091648102,0.30169999599456787,0.30219998955726624,0
2019-01-14,0.3018999993801117,0.30285000801086426,0.301800012588501,0.3018999993801117,0
2019-01-15,0.3024500012397766,0.30285000801086426,0.301800012588501,0.3024500012397766,0
2019-01-16,0.302480012178421,0.3026899993419647,0.3019999861717224,0.302480012178421,0
2019-01-17,0.3024500012397766,0.30300000309944153,0.3021000027656555,0.3024500012397766,0
2019-01-18,0.3024500012397766,0.3028999865055084,0.30219998955726624,0.3024500012397766,0
2019-01-21,0.30329999327659607,0.30329999327659607,0.30230000615119934,0.30329999327659607,0
2019-01-22,0.30270999670028687,0.30329999327659607,0.30219998955726624,0.30270999670028687,0
2019-01-23,0.3024500012397766,0.302949994802475,0.30230000615119934,0.3024500012397766,0
2019-01-24,0.302949994802475,0.302949994802475,0.30219998955726624,0.302949994802475,0
2019-01-25,0.30292999744415283,0.30292999744415283,0.30219998955726624,0.30292999744415283,0
2019-01-28,0.3028300106525421,0.3028300106525421,0.3019999861717224,0.3028300106525421,0
2019-01-29,0.3028700053691864,0.30316001176834106,0.3019999861717224,0.30289000272750854,0
2019-01-30,0.30265000462532043,0.30278000235557556,0.3019999861717224,0.30265000462532043,0
2019-01-31,0.30265000462532043,0.30254998803138733,0.30169999599456787,0.30254998803138733,0
2019-02-01,0.302619993686676,0.30302000045776367,0.3018999993801117,0.302619993686676,0
2019-02-04,0.30309998989105225,0.30309998989105225,0.3021000027656555,0.30309998989105225,0
2019-02-05,0.3026700019836426,0.3033500015735626,0.30219998955726624,0.30272001028060913,0
2019-02-06,0.30265000462532043,0.30355000495910645,0.3019999861717224,0.30265000462532043,0
2019-02-07,0.30289000272750854,0.3036099970340729,0.30250000953674316,0.30289000272750854,0
2019-02-08,0.3028300106525421,0.3036099970340729,0.3025999963283539,0.3028300106525421,0
2019-02-11,0.30320999026298523,0.30390000343322754,0.302700012922287,0.30320999026298523,0
2019-02-12,0.30265000462532043,0.303849995136261,0.30265000462532043,0.30265000462532043,0
2019-02-13,0.30265000462532043,0.30375000834465027,0.3025999963283539,0.30265000462532043,0
2019-02-14,0.30329999327659607,0.3038899898529053,0.302700012922287,0.30329999327659607,0
2019-02-15,0.30329999327659607,0.30390000343322754,0.302700012922287,0.30329999327659607,0
2019-02-18,0.3037000000476837,0.3037000000476837,0.302700012922287,0.3037000000476837,0
2019-02-19,0.3034000098705292,0.30364999175071716,0.3025999963283539,0.30329999327659607,0
2019-02-20,0.30329999327659607,0.3034999966621399,0.30239999294281006,0.30329999327659607,0
2019-02-21,0.30329999327659607,0.3034000098705292,0.30239999294281006,0.30329999327659607,0
2019-02-22,0.3031400144100189,0.3034000098705292,0.30250000953674316,0.3031400144100189,0
2019-02-25,0.3031499981880188,0.30351999402046204,0.30239999294281006,0.3031499981880188,0
2019-02-26,0.3031400144100189,0.30331000685691833,0.30219998955726624,0.3031400144100189,0
2019-02-27,0.3031400144100189,0.30320000648498535,0.30219998955726624,0.3031400144100189,0
2019-02-28,0.3031400144100189,0.3032799959182739,0.30219998955726624,0.3031400144100189,0
2019-03-01,0.3027999997138977,0.30351999402046204,0.30250000953674316,0.302949994802475,0
2019-03-04,0.3032500147819519,0.30364999175071716,0.30250000953674316,0.3032500147819519,0
2019-03-05,0.30305999517440796,0.30386999249458313,0.3027999997138977,0.302949994802475,0
2019-03-06,0.302949994802475,0.3039500117301941,0.3028999865055084,0.302949994802475,0
2019-03-07,0.302949994802475,0.303629994392395,0.3028999865055084,0.302949994802475,0
2019-03-08,0.30344998836517334,0.3039799928665161,0.30300000309944153,0.30344998836517334,0
2019-03-11,0.30357998609542847,0.303849995136261,0.3027999997138977,0.30357998609542847,0
2019-03-12,0.30344998836517334,0.303849995136261,0.3027999997138977,0.30344998836517334,0
2019-03-13,0.30344998836517334,0.303849995136261,0.3028999865055084,0.30344998836517334,0
2019-03-14,0.3034999966621399,0.3034999966621399,0.3025999963283539,0.3034999966621399,0
2019-03-15,0.3034999966621399,0.3034999966621399,0.30230000615119934,0.3034999966621399,0
2019-03-18,0.3034600019454956,0.3034999966621399,0.30250000953674316,0.3034600019454956,0
2019-03-19,0.3034999966621399,0.3034999966621399,0.30239999294281006,0.3034999966621399,0
2019-03-20,0.30303001403808594,0.30349001288414,0.30239999294281006,0.30303001403808594,0
2019-03-21,0.30309998989105225,0.30309998989105225,0.3021000027656555,0.30309998989105225,0
2019-03-22,0.3028300106525421,0.30340999364852905,0.3021000027656555,0.3028300106525421,0
2019-03-25,0.3029100000858307,0.3032799959182739,0.30219998955726624,0.3029100000858307,0
2019-03-26,0.30289000272750854,0.30329999327659607,0.30239999294281006,0.30289000272750854,0
2019-03-27,0.3030399978160858,0.3036400079727173,0.3025999963283539,0.3030399978160858,0
2019-03-28,0.30320999026298523,0.3038100004196167,0.3027999997138977,0.30320999026298523,0
2019-03-29,0.3034999966621399,0.3038100004196167,0.3028999865055084,0.30351999402046204,0
2019-04-01,0.30355000495910645,0.30410000681877136,0.30309998989105225,0.30355000495910645,0
2019-04-02,0.30379998683929443,0.30456000566482544,0.3034000098705292,0.30379998683929443,0
2019-04-03,0.3040899932384491,0.3040899932384491,0.30320000648498535,0.3040899932384491,0
2019-04-04,0.30390000343322754,0.3043000102043152,0.30329999327659607,0.30390000343322754,0
2019-04-05,0.30404001474380493,0.3043999969959259,0.3034000098705292,0.30404001474380493,0
2019-04-08,0.303600013256073,0.3043000102043152,0.3034000098705292,0.3041200041770935,0
2019-04-09,0.3034999966621399,0.30395999550819397,0.30300000309944153,0.30395999550819397,0
2019-04-10,0.3039399981498718,0.30399999022483826,0.30309998989105225,0.3039399981498718,0
2019-04-11,0.30375000834465027,0.30403000116348267,0.3028999865055084,0.30375000834465027,0
2019-04-12,0.3036800026893616,0.30403000116348267,0.30300000309944153,0.3036800026893616,0
2019-04-15,0.30364999175071716,0.30364999175071716,0.30300000309944153,0.30364999175071716,0
2019-04-16,0.3035700023174286,0.30390000343322754,0.3028999865055084,0.3035700023174286,0
2019-04-17,0.3035700023174286,0.30390000343322754,0.3028999865055084,0.3035700023174286,0
2019-04-18,0.303600013256073,0.3039500117301941,0.3028999865055084,0.303600013256073,0
2019-04-19,0.30357998609542847,0.3039500117301941,0.30300000309944153,0.30357998609542847,0
2019-04-22,0.30390000343322754,0.30390000343322754,0.30309998989105225,0.30357998609542847,0
2019-04-23,0.30399999022483826,0.3042699992656708,0.30300000309944153,0.30357998609542847,0
2019-04-24,0.303710013628006,0.30425000190734863,0.30309998989105225,0.303710013628006,0
2019-04-25,0.30379000306129456,0.3043699860572815,0.30329999327659607,0.30379000306129456,0
2019-04-26,0.3039200007915497,0.30399999022483826,0.3034000098705292,0.3039200007915497,0
2019-04-29,0.30386999249458313,0.30441001057624817,0.30329999327659607,0.30386999249458313,0
2019-04-30,0.30393001437187195,0.30393001437187195,0.30309998989105225,0.30393001437187195,0
2019-05-01,0.3041999936103821,0.30393001437187195,0.30300000309944153,0.30393001437187195,0
2019-05-02,0.30320000648498535,0.3040499985218048,0.3028999865055084,0.30393001437187195,0
2019-05-03,0.30362001061439514,0.3040499985218048,0.30300000309944153,0.30362001061439514,0
2019-05-06,0.30320000648498535,0.3039799928665161,0.30300000309944153,0.3036699891090393,0
2019-05-07,0.3036400079727173,0.30406999588012695,0.3027999997138977,0.3036400079727173,0
2019-05-08,0.3037799894809723,0.3037799894809723,0.30300000309944153,0.3037799894809723,0
2019-05-09,0.3036800026893616,0.30379000306129456,0.30300000309944153,0.3036800026893616,0
2019-05-10,0.30379000306129456,0.30399999022483826,0.30300000309944153,0.30379000306129456,0
2019-05-13,0.30309998989105225,0.30399999022483826,0.30300000309944153,0.3037000000476837,0
2019-05-14,0.3035700023174286,0.30379998683929443,0.30309998989105225,0.3035700023174286,0
2019-05-15,0.3037700057029724,0.3041200041770935,0.30300000309944153,0.3037700057029724,0
2019-05-16,0.3037000000476837,0.3040499985218048,0.30300000309944153,0.3037000000476837,0
2019-05-17,0.3037300109863281,0.3040899932384491,0.30309998989105225,0.3037300109863281,0
2019-05-20,0.30399999022483826,0.3042300045490265,0.30309998989105225,0.30375999212265015,0
2019-05-21,0.3038400113582611,0.3040899932384491,0.30329999327659607,0.3038400113582611,0
2019-05-23,0.30397000908851624,0.30406999588012695,0.30320000648498535,0.30397000908851624,0
2019-05-24,0.30397000908851624,0.3040199875831604,0.30309998989105225,0.30397000908851624,0
2019-05-27,0.3037000000476837,0.30382999777793884,0.30309998989105225,0.3037000000476837,0
2019-05-28,0.3039500117301941,0.3042599856853485,0.30309998989105225,0.3039500117301941,0
2019-05-29,0.30382001399993896,0.3042599856853485,0.30320000648498535,0.30382001399993896,0
2019-05-30,0.3038400113582611,0.30434998869895935,0.30329999327659607,0.3038400113582611,0
2019-05-31,0.3039900064468384,0.3039900064468384,0.30320000648498535,0.3039900064468384,0
2019-06-03,0.303849995136261,0.303849995136261,0.30300000309944153,0.303849995136261,0
2019-06-04,0.30382999777793884,0.3040499985218048,0.3027999997138977,0.30382999777793884,0
2019-06-05,0.30382999777793884,0.30382999777793884,0.3028999865055084,0.30382999777793884,0
2019-06-06,0.30382999777793884,0.30382999777793884,0.302700012922287,0.30382999777793884,0
2019-06-07,0.3033199906349182,0.30379998683929443,0.3027999997138977,0.3033199906349182,0
2019-06-10,0.3028999865055084,0.3037700057029724,0.302700012922287,0.30344998836517334,0
2019-06-11,0.3033500015735626,0.3037799894809723,0.302700012922287,0.3033500015735626,0
2019-06-12,0.3033500015735626,0.3037000000476837,0.30250000953674316,0.3033500015735626,0
2019-06-13,0.3033500015735626,0.3034000098705292,0.302700012922287,0.3033500015735626,0
2019-06-14,0.3033500015735626,0.3035399913787842,0.302700012922287,0.3033500015735626,0
2019-06-17,0.3035700023174286,0.3036800026893616,0.3028999865055084,0.3035700023174286,0
2019-06-18,0.3033500015735626,0.3038100004196167,0.30300000309944153,0.3033500015735626,0
2019-06-19,0.30379000306129456,0.3041499853134155,0.3027999997138977,0.30379000306129456,0
2019-06-20,0.3033500015735626,0.30366000533103943,0.30250000953674316,0.3033500015735626,0
2019-06-21,0.30329999327659607,0.30366000533103943,0.30250000953674316,0.30329999327659607,0
2019-06-24,0.3031199872493744,0.30338001251220703,0.30230000615119934,0.3031199872493744,0
2019-06-25,0.30329999327659607,0.30329999327659607,0.3021000027656555,0.30329999327659607,0
2019-06-26,0.30272001028060913,0.3033500015735626,0.3021000027656555,0.30272001028060913,0
2019-06-27,0.30329999327659607,0.30329999327659607,0.30219998955726624,0.30329999327659607,0
2019-06-28,0.30329999327659607,0.30329999327659607,0.30219998955726624,0.30329999327659607,0
2019-07-01,0.302949994802475,0.3032900094985962,0.3025999963283539,0.302949994802475,0
2019-07-02,0.30329999327659607,0.3034299910068512,0.302700012922287,0.30329999327659607,0
2019-07-03,0.30329999327659607,0.30344000458717346,0.3025999963283539,0.30329999327659607,0
2019-07-04,0.30329999327659607,0.3035700023174286,0.3027999997138977,0.30329999327659607,0
2019-07-05,0.30329999327659607,0.30364999175071716,0.3027999997138977,0.30329999327659607,0
2019-07-08,0.303600013256073,0.3041999936103821,0.30309998989105225,0.303600013256073,0
2019-07-09,0.30379998683929443,0.3041999936103821,0.30309998989105225,0.30379998683929443,0
2019-07-10,0.30379998683929443,0.3043999969959259,0.30309998989105225,0.30379998683929443,0
2019-07-11,0.30379998683929443,0.3043999969959259,0.30309998989105225,0.30379998683929443,0
2019-07-12,0.30379998683929443,0.3041499853134155,0.30309998989105225,0.30379998683929443,0
2019-07-15,0.30309998989105225,0.30386999249458313,0.30320000648498535,0.3038400113582611,0
2019-07-16,0.303849995136261,0.30404001474380493,0.30320000648498535,0.303849995136261,0
2019-07-17,0.3039500117301941,0.3041299879550934,0.3032500147819519,0.3039500117301941,0
2019-07-18,0.30397000908851624,0.3044799864292145,0.30320000648498535,0.30397000908851624,0
2019-07-19,0.3040499985218048,0.3040499985218048,0.30309998989105225,0.3040499985218048,0
2019-07-22,0.303849995136261,0.30425000190734863,0.30329999327659607,0.303849995136261,0
2019-07-23,0.3040499985218048,0.3041999936103821,0.30320000648498535,0.3040499985218048,0
2019-07-24,0.3040499985218048,0.3043000102043152,0.30329999327659607,0.3040499985218048,0
2019-07-25,0.3040499985218048,0.30417999625205994,0.30329999327659607,0.3040499985218048,0
2019-07-26,0.3040499985218048,0.30410000681877136,0.3034000098705292,0.3040499985218048,0
2019-07-29,0.3043000102043152,0.3044799864292145,0.30309998989105225,0.30399999022483826,0
2019-07-30,0.3040499985218048,0.30414000153541565,0.3034000098705292,0.3040499985218048,0
2019-07-31,0.3040499985218048,0.30434998869895935,0.30329999327659607,0.3040499985218048,0
2019-08-01,0.30399999022483826,0.30469998717308044,0.303600013256073,0.30399999022483826,0
2019-08-02,0.30399999022483826,0.3041900098323822,0.30309998989105225,0.30399999022483826,0
2019-08-05,0.30417999625205994,0.30417999625205994,0.3028999865055084,0.30417999625205994,0
2019-08-06,0.30364999175071716,0.30379998683929443,0.3027999997138977,0.30364999175071716,0
2019-08-07,0.30364999175071716,0.30399999022483826,0.3028999865055084,0.30364999175071716,0
2019-08-08,0.30364999175071716,0.3040600121021271,0.30300000309944153,0.30364999175071716,0
2019-08-09,0.30364999175071716,0.30399999022483826,0.3028999865055084,0.30364999175071716,0
2019-08-12,0.30379998683929443,0.3037000000476837,0.30300000309944153,0.3036800026893616,0
2019-08-13,0.30364999175071716,0.3037000000476837,0.3028999865055084,0.30364999175071716,0
2019-08-14,0.30364999175071716,0.3039399981498718,0.30309998989105225,0.30364999175071716,0
2019-08-15,0.30364999175071716,0.30386000871658325,0.30300000309944153,0.30364999175071716,0
2019-08-16,0.30364999175071716,0.303849995136261,0.30320000648498535,0.30364999175071716,0
2019-08-19,0.30329999327659607,0.30386000871658325,0.30320000648498535,0.3037799894809723,0
2019-08-20,0.30364999175071716,0.3038100004196167,0.30300000309944153,0.30364999175071716,0
2019-08-21,0.30364999175071716,0.303739994764328,0.30300000309944153,0.30364999175071716,0
2019-08-22,0.30364999175071716,0.30379998683929443,0.30300000309944153,0.30364999175071716,0
2019-08-23,0.30364999175071716,0.303710013628006,0.30309998989105225,0.30364999175071716,0
2019-08-26,0.303629994392395,0.303629994392395,0.3025999963283539,0.303629994392395,0
2019-08-27,0.30303001403808594,0.3033599853515625,0.3025999963283539,0.30303001403808594,0
2019-08-28,0.30303001403808594,0.3037700057029724,0.3025999963283539,0.30303001403808594,0
2019-08-29,0.30329999327659607,0.3037799894809723,0.3025999963283539,0.30329999327659607,0
2019-08-30,0.30329999327659607,0.3035599887371063,0.3025999963283539,0.30329999327659607,0
2019-09-02,0.3039500117301941,0.3037799894809723,0.30303001403808594,0.30303001403808594,0
2019-09-03,0.30329999327659607,0.30425000190734863,0.30309998989105225,0.30329999327659607,0
2019-09-04,0.30329999327659607,0.30425000190734863,0.3027999997138977,0.30329999327659607,0
2019-09-05,0.30344998836517334,0.30344998836517334,0.3025999963283539,0.30344998836517334,0
2019-09-06,0.30344998836517334,0.3037000000476837,0.302700012922287,0.30344998836517334,0
2019-09-09,0.3034000098705292,0.3037000000476837,0.3027999997138977,0.3034000098705292,0
2019-09-10,0.30344998836517334,0.30347999930381775,0.3027999997138977,0.30344998836517334,0
2019-09-11,0.30344998836517334,0.3038800060749054,0.3027999997138977,0.30344998836517334,0
2019-09-12,0.30344998836517334,0.303710013628006,0.3028999865055084,0.30344998836517334,0
2019-09-13,0.30344998836517334,0.3035700023174286,0.302700012922287,0.30344998836517334,0
2019-09-16,0.3028999865055084,0.3035700023174286,0.3027999997138977,0.3034000098705292,0
2019-09-17,0.30344998836517334,0.30404001474380493,0.3028999865055084,0.30344998836517334,0
2019-09-18,0.30357998609542847,0.30357998609542847,0.3027999997138977,0.30357998609542847,0
2019-09-19,0.30347999930381775,0.30357998609542847,0.3025999963283539,0.30347999930381775,0
2019-09-20,0.30344998836517334,0.303600013256073,0.30250000953674316,0.30344998836517334,0
2019-09-23,0.302700012922287,0.3033500015735626,0.3025999963283539,0.30324000120162964,0
2019-09-24,0.30320000648498535,0.3037700057029724,0.302700012922287,0.30320000648498535,0
2019-09-25,0.30320000648498535,0.30390000343322754,0.302700012922287,0.30320000648498535,0
2019-09-26,0.30320000648498535,0.3040600121021271,0.30300000309944153,0.30320000648498535,0
2019-09-27,0.30320000648498535,0.30379998683929443,0.30309998989105225,0.30320000648498535,0
2019-09-30,0.30375000834465027,0.3041499853134155,0.30300000309944153,0.30375000834465027,0
2019-10-01,0.30320000648498535,0.30458998680114746,0.30320000648498535,0.30320000648498535,0
2019-10-02,0.3041499853134155,0.3043999969959259,0.3034000098705292,0.3041499853134155,0
2019-10-03,0.30320000648498535,0.3040800094604492,0.30320000648498535,0.30320000648498535,0
2019-10-04,0.30320000648498535,0.3041499853134155,0.30320000648498535,0.30320000648498535,0
2019-10-07,0.3037000000476837,0.30399999022483826,0.30355000495910645,0.3037000000476837,0
2019-10-08,0.30355000495910645,0.30403000116348267,0.3035399913787842,0.30355000495910645,0
2019-10-09,0.30355000495910645,0.30403000116348267,0.30355000495910645,0.30355000495910645,0
2019-10-10,0.30355000495910645,0.3039399981498718,0.3034699857234955,0.30355000495910645,0
2019-10-11,0.30355000495910645,0.3039399981498718,0.3031800091266632,0.30355000495910645,0
2019-10-14,0.3032500147819519,0.3034000098705292,0.3032500147819519,0.3032500147819519,0
2019-10-15,0.30355000495910645,0.30362001061439514,0.30320000648498535,0.30355000495910645,0
2019-10-16,0.30355000495910645,0.30355000495910645,0.3031499981880188,0.30355000495910645,0
2019-10-17,0.30355000495910645,0.30355000495910645,0.30292001366615295,0.30355000495910645,0
2019-10-18,0.3029800057411194,0.3033300042152405,0.302839994430542,0.3029800057411194,0
2019-10-21,0.30285000801086426,0.30309998989105225,0.302729994058609,0.30285000801086426,0
2019-10-22,0.30265000462532043,0.3033500015735626,0.30265000462532043,0.30265000462532043,0
2019-10-23,0.30285000801086426,0.3033500015735626,0.30285000801086426,0.30285000801086426,0
2019-10-24,0.302949994802475,0.3033500015735626,0.302949994802475,0.302949994802475,0
2019-10-25,0.30309000611305237,0.3034200072288513,0.30309000611305237,0.30309000611305237,0
2019-10-28,0.30320999026298523,0.30364999175071716,0.30316999554634094,0.30320999026298523,0
2019-10-29,0.30355000495910645,0.30355000495910645,0.30320000648498535,0.30355000495910645,0
2019-10-30,0.30329999327659607,0.30355000495910645,0.30320000648498535,0.30329999327659607,0
2019-10-31,0.30329999327659607,0.30344998836517334,0.30281999707221985,0.30329999327659607,0
2019-11-01,0.30329999327659607,0.30329999327659607,0.30278998613357544,0.30329999327659607,0
2019-11-04,0.30292001366615295,0.3030399978160858,0.30292001366615295,0.30292001366615295,0
2019-11-05,0.30329999327659607,0.3034299910068512,0.3028999865055084,0.30329999327659607,0
2019-11-06,0.30329999327659607,0.30336999893188477,0.30300000309944153,0.30329999327659607,0
2019-11-07,0.30320000648498535,0.30349001288414,0.30309000611305237,0.30320000648498535,0
2019-11-11,0.30364999175071716,0.30364999175071716,0.3032799959182739,0.30364999175071716,0
2019-11-12,0.3032799959182739,0.30362001061439514,0.30320000648498535,0.30320000648498535,0
2019-11-13,0.30320000648498535,0.30362001061439514,0.30320000648498535,0.30320000648498535,0
2019-11-14,0.30320000648498535,0.30333998799324036,0.30320000648498535,0.30320000648498535,0
2019-11-15,0.30320000648498535,0.3034999966621399,0.3031899929046631,0.30320000648498535,0
2019-11-18,0.3032200038433075,0.3032200038433075,0.30305999517440796,0.3032200038433075,0
2019-11-19,0.30320000648498535,0.3035700023174286,0.3030399978160858,0.30320000648498535,0
2019-11-20,0.30320000648498535,0.3034699857234955,0.30309998989105225,0.30320000648498535,0
2019-11-21,0.30320000648498535,0.3033500015735626,0.3030500113964081,0.30320000648498535,0
2019-11-22,0.30313000082969666,0.3035599887371063,0.3031800091266632,0.30320000648498535,0
2019-11-25,0.3032500147819519,0.3035599887371063,0.30320000648498535,0.3032500147819519,0
2019-11-26,0.30320000648498535,0.3037000000476837,0.30320000648498535,0.30320000648498535,0
2019-11-27,0.30349001288414,0.303710013628006,0.30344998836517334,0.30344998836517334,0
2019-11-28,0.30355000495910645,0.3036099970340729,0.3032500147819519,0.30344998836517334,0
2019-11-29,0.30344998836517334,0.3036800026893616,0.30320000648498535,0.30344998836517334,0
2019-12-02,0.30366000533103943,0.3036800026893616,0.30320000648498535,0.30366000533103943,0
2019-12-03,0.30358999967575073,0.30344998836517334,0.30320000648498535,0.30344998836517334,0
2019-12-04,0.30344998836517334,0.30344998836517334,0.302949994802475,0.30344998836517334,0
2019-12-05,0.3032500147819519,0.3032500147819519,0.3028999865055084,0.3032500147819519,0
2019-12-06,0.3031800091266632,0.3032500147819519,0.3030500113964081,0.3032500147819519,0
2019-12-09,0.30309000611305237,0.3034000098705292,0.30309000611305237,0.30309000611305237,0
2019-12-10,0.3032500147819519,0.30340999364852905,0.3031199872493744,0.3032500147819519,0
2019-12-11,0.3031100034713745,0.30340999364852905,0.30305999517440796,0.3032500147819519,0
2019-12-12,0.3031100034713745,0.30340999364852905,0.3025999963283539,0.3032500147819519,0
2019-12-13,0.3032500147819519,0.3032500147819519,0.302729994058609,0.3032500147819519,0
2019-12-16,0.30320000648498535,0.30320000648498535,0.30278000235557556,0.30320000648498535,0
2019-12-17,0.3032500147819519,0.3033500015735626,0.302700012922287,0.3032500147819519,0
2019-12-18,0.3032500147819519,0.3033500015735626,0.3028799891471863,0.3032500147819519,0
2019-12-19,0.30300000309944153,0.30338001251220703,0.3028999865055084,0.30300000309944153,0
2019-12-20,0.30313000082969666,0.30338001251220703,0.30300000309944153,0.30300000309944153,0
2019-12-23,0.30309998989105225,0.30329999327659607,0.30309998989105225,0.30309998989105225,0
2019-12-24,0.3031800091266632,0.3033500015735626,0.30296000838279724,0.3031800091266632,0
2019-12-25,0.30285000801086426,0.30285000801086426,0.30285000801086426,0.30285000801086426,0
2019-12-26,0.30285000801086426,0.3032500147819519,0.30285000801086426,0.30285000801086426,0
2019-12-27,0.3032500147819519,0.3032500147819519,0.30281001329421997,0.3032500147819519,0
2019-12-30,0.302949994802475,0.30309998989105225,0.3026300072669983,0.302949994802475,0
2019-12-31,0.3026599884033203,0.30300000309944153,0.30250999331474304,0.3026599884033203,0
2020-01-01,0.302700012922287,0.302700012922287,0.302700012922287,0.302700012922287,0
2020-01-02,0.302700012922287,0.30300000309944153,0.3025600016117096,0.302700012922287,0
2020-01-03,0.30272001028060913,0.30300000309944153,0.3025600016117096,0.30272001028060913,0
2020-01-06,0.30250000953674316,0.3031800091266632,0.30250000953674316,0.30250000953674316,0
2020-01-07,0.30270999670028687,0.30300000309944153,0.3025200068950653,0.30270999670028687,0
2020-01-08,0.30272001028060913,0.3031499981880188,0.30267998576164246,0.30272001028060913,0
2020-01-09,0.3031800091266632,0.30329999327659607,0.30274999141693115,0.3031800091266632,0
2020-01-10,0.3030099868774414,0.30331000685691833,0.3029400110244751,0.3031800091266632,0
2020-01-13,0.30300000309944153,0.30329999327659607,0.3028999865055084,0.30300000309944153,0
2020-01-14,0.3029699921607971,0.3034000098705292,0.30285999178886414,0.3030500113964081,0
2020-01-15,0.3030500113964081,0.30329999327659607,0.30278998613357544,0.3030500113964081,0
2020-01-16,0.30285999178886414,0.3032500147819519,0.30278000235557556,0.3030500113964081,0
2020-01-17,0.3030500113964081,0.3030500113964081,0.30281999707221985,0.3030500113964081,0
2020-01-20,0.30292001366615295,0.30327001214027405,0.30292001366615295,0.30292001366615295,0
2020-01-21,0.3030500113964081,0.30355000495910645,0.3030500113964081,0.3030500113964081,0
2020-01-22,0.3031199872493744,0.3034999966621399,0.3030500113964081,0.3030500113964081,0
2020-01-23,0.3030500113964081,0.30344998836517334,0.3030500113964081,0.3030500113964081,0
2020-01-24,0.3030500113964081,0.30344998836517334,0.3030500113964081,0.3030500113964081,0
2020-01-27,0.3033899962902069,0.303600013256073,0.3031800091266632,0.3033899962902069,0
2020-01-28,0.3030500113964081,0.303600013256073,0.3030500113964081,0.3030500113964081,0
2020-01-29,0.3030500113964081,0.303739994764328,0.3030500113964081,0.3030500113964081,0
2020-01-30,0.3030500113964081,0.3037000000476837,0.3030500113964081,0.3030500113964081,0
2020-01-31,0.3034999966621399,0.303600013256073,0.3032500147819519,0.3034999966621399,0
2020-02-03,0.30336999893188477,0.30379998683929443,0.30336999893188477,0.30336999893188477,0
2020-02-04,0.3034999966621399,0.3038800060749054,0.3034000098705292,0.3034999966621399,0
2020-02-05,0.3034999966621399,0.30390000343322754,0.3034999966621399,0.3034999966621399,0
2020-02-06,0.3034999966621399,0.3041499853134155,0.3034999966621399,0.3034999966621399,0
2020-02-07,0.3034999966621399,0.3041499853134155,0.3034999966621399,0.3034999966621399,0
2020-02-10,0.303739994764328,0.3041599988937378,0.303739994764328,0.303739994764328,0
2020-02-11,0.3034999966621399,0.30445000529289246,0.3034999966621399,0.3034999966621399,0
2020-02-12,0.3034999966621399,0.30430999398231506,0.3034999966621399,0.3034999966621399,0
2020-02-13,0.3043000102043152,0.3046000003814697,0.3043000102043152,0.3043000102043152,0
2020-02-14,0.3043000102043152,0.30469998717308044,0.3043000102043152,0.3043000102043152,0
2020-02-17,0.3043699860572815,0.30489999055862427,0.3043699860572815,0.3043699860572815,0
2020-02-18,0.3043000102043152,0.3051399886608124,0.3043000102043152,0.3043000102043152,0
2020-02-19,0.30483001470565796,0.30566999316215515,0.3046500086784363,0.30483001470565796,0
2020-02-20,0.305400013923645,0.30636000633239746,0.305400013923645,0.305400013923645,0
2020-02-21,0.305400013923645,0.30636000633239746,0.305400013923645,0.305400013923645,0
2020-02-24,0.30605998635292053,0.30630001425743103,0.3059200048446655,0.30605998635292053,0
2020-02-25,0.305400013923645,0.3059999942779541,0.305400013923645,0.305400013923645,0
2020-02-26,0.305400013923645,0.3061000108718872,0.305400013923645,0.305400013923645,0
2020-02-27,0.305400013923645,0.3061000108718872,0.305400013923645,0.305400013923645,0
2020-02-28,0.305400013923645,0.3059999942779541,0.3053399920463562,0.305400013923645,0
2020-03-02,0.30550000071525574,0.3062500059604645,0.305400013923645,0.30550000071525574,0
2020-03-03,0.305400013923645,0.30588001012802124,0.305400013923645,0.305400013923645,0
2020-03-04,0.305400013923645,0.30594998598098755,0.3053700029850006,0.305400013923645,0
2020-03-05,0.305400013923645,0.3057999908924103,0.3049300014972687,0.305400013923645,0
2020-03-06,0.305400013923645,0.3055500090122223,0.30487000942230225,0.305400013923645,0
2020-03-09,0.3049300014972687,0.3052000105381012,0.3042199909687042,0.3049300014972687,0
2020-03-10,0.3045499920845032,0.3055500090122223,0.3045499920845032,0.3045499920845032,0
2020-03-11,0.305400013923645,0.3061000108718872,0.3049499988555908,0.305400013923645,0
2020-03-12,0.3059999942779541,0.30730000138282776,0.3054499924182892,0.3059999942779541,0
2020-03-13,0.30717000365257263,0.3076300024986267,0.3069300055503845,0.30717000365257263,0
2020-03-16,0.30764999985694885,0.30869999527931213,0.30764999985694885,0.30764999985694885,0
2020-03-17,0.30847999453544617,0.3095499873161316,0.30809998512268066,0.30847999453544617,0
2020-03-18,0.3091000020503998,0.3100999891757965,0.3091000020503998,0.3091000020503998,0
2020-03-19,0.3095000088214874,0.3110499978065491,0.3095000088214874,0.3095000088214874,0
2020-03-20,0.3106200098991394,0.3110499978065491,0.3101400136947632,0.3106200098991394,0
2020-03-23,0.3107700049877167,0.3119699954986572,0.31057998538017273,0.3107700049877167,0
2020-03-24,0.31174999475479126,0.313400000333786,0.3110499978065491,0.31174999475479126,0
2020-03-25,0.3121800124645233,0.3156200051307678,0.3121800124645233,0.3121800124645233,0
2020-03-26,0.31494998931884766,0.31494998931884766,0.30614998936653137,0.31494998931884766,0
2020-03-27,0.30889999866485596,0.3131999969482422,0.3084999918937683,0.30889999866485596,0
2020-03-30,0.3127500116825104,0.3144400119781494,0.3119400143623352,0.3127500116825104,0
2020-03-31,0.31422001123428345,0.3144499957561493,0.31332001090049744,0.31422001123428345,0
2020-04-01,0.3125,0.313400000333786,0.3120900094509125,0.3125,0
2020-04-02,0.3125,0.3125,0.3081499934196472,0.3125,0
2020-04-03,0.3116700053215027,0.31189998984336853,0.31049999594688416,0.3116700053215027,0
2020-04-06,0.31075000762939453,0.3116999864578247,0.30869999527931213,0.31075000762939453,0
2020-04-07,0.31150001287460327,0.3116999864578247,0.31060001254081726,0.31150001287460327,0
2020-04-08,0.3109999895095825,0.31112000346183777,0.30855000019073486,0.3109999895095825,0
2020-04-09,0.3109999895095825,0.3116999864578247,0.30855000019073486,0.3109999895095825,0
2020-04-10,0.3116999864578247,0.3116999864578247,0.31150001287460327,0.3116999864578247,0
2020-04-13,0.310699999332428,0.31150001287460327,0.310699999332428,0.310699999332428,0
2020-04-14,0.3111000061035156,0.31150001287460327,0.3109799921512604,0.3111000061035156,0
2020-04-15,0.3109999895095825,0.31154999136924744,0.3107999861240387,0.3109999895095825,0
2020-04-16,0.3109999895095825,0.31154999136924744,0.30809998512268066,0.3109999895095825,0
2020-04-17,0.3109999895095825,0.31139999628067017,0.310699999332428,0.3109999895095825,0
2020-04-20,0.3112500011920929,0.31150001287460327,0.3103100061416626,0.3112500011920929,0
2020-04-21,0.3109999895095825,0.3113099932670593,0.3104900121688843,0.3109999895095825,0
2020-04-22,0.3109999895095825,0.31150001287460327,0.3109700083732605,0.3109999895095825,0
2020-04-23,0.31150001287460327,0.31150001287460327,0.31005001068115234,0.31150001287460327,0
2020-04-24,0.31150001287460327,0.31150001287460327,0.31018000841140747,0.31150001287460327,0
2020-04-27,0.3105500042438507,0.3107999861240387,0.3098599910736084,0.3105500042438507,0
2020-04-28,0.3100000023841858,0.3100000023841858,0.30834999680519104,0.3100000023841858,0
2020-04-29,0.30924999713897705,0.3107999861240387,0.3089999854564667,0.30924999713897705,0
2020-04-30,0.3089999854564667,0.30959999561309814,0.3082999885082245,0.3089999854564667,0
2020-05-01,0.30880001187324524,0.3100000023841858,0.30880001187324524,0.30880001187324524,0
2020-05-04,0.3090499937534332,0.3090499937534332,0.30834001302719116,0.3090499937534332,0
2020-05-05,0.3086499869823456,0.30889999866485596,0.3080500066280365,0.3086499869823456,0
2020-05-06,0.30845001339912415,0.30924999713897705,0.30845001339912415,0.30845001339912415,0
2020-05-07,0.3086499869823456,0.3091000020503998,0.3086400032043457,0.3086499869823456,0
2020-05-08,0.3086499869823456,0.3091000020503998,0.3085300028324127,0.3086499869823456,0
2020-05-11,0.3091000020503998,0.3091000020503998,0.3082999885082245,0.3091000020503998,0
2020-05-12,0.3087500035762787,0.3089999854564667,0.3085800111293793,0.3087500035762787,0
2020-05-13,0.3088499903678894,0.3091000020503998,0.3084000051021576,0.3088499903678894,0
2020-05-14,0.3086499869823456,0.3089599907398224,0.30855000019073486,0.3086499869823456,0
2020-05-15,0.30855000019073486,0.30889999866485596,0.30855000019073486,0.30855000019073486,0
2020-05-18,0.30869999527931213,0.3089500069618225,0.30834999680519104,0.30869999527931213,0
2020-05-19,0.3086499869823456,0.30869999527931213,0.3080100119113922,0.3086499869823456,0
2020-05-20,0.3082999885082245,0.3085300028324127,0.30820998549461365,0.3082999885082245,0
2020-05-21,0.30834999680519104,0.30862998962402344,0.3082599937915802,0.30834999680519104,0
2020-05-22,0.3082999885082245,0.30869999527931213,0.3082999885082245,0.3082999885082245,0
2020-05-25,0.30845001339912415,0.308569997549057,0.30845001339912415,0.30845001339912415,0
2020-05-26,0.30851998925209045,0.3086000084877014,0.3082300126552582,0.30851998925209045,0
2020-05-27,0.3084999918937683,0.3084999918937683,0.30799999833106995,0.3084999918937683,0
2020-05-28,0.30809998512268066,0.30827000737190247,0.30799999833106995,0.30809998512268066,0
2020-05-29,0.3081499934196472,0.3081600069999695,0.30779001116752625,0.3081499934196472,0
2020-06-01,0.3082500100135803,0.3082500100135803,0.30761000514030457,0.3082500100135803,0
2020-06-02,0.3075999915599823,0.3080599904060364,0.3075200021266937,0.3075999915599823,0
2020-06-03,0.3075999915599823,0.3079499900341034,0.3075200021266937,0.3079499900341034,0
2020-06-04,0.3075999915599823,0.30774998664855957,0.30737000703811646,0.3075999915599823,0
2020-06-05,0.3075700104236603,0.30799999833106995,0.3071500062942505,0.3075700104236603,0
2020-06-08,0.3080500066280365,0.3080500066280365,0.30733001232147217,0.3080500066280365,0
2020-06-09,0.30755001306533813,0.3077299892902374,0.30557000637054443,0.30755001306533813,0
2020-06-10,0.30737000703811646,0.3073999881744385,0.30678001046180725,0.30737000703811646,0
2020-06-11,0.3070000112056732,0.30733001232147217,0.3067399859428406,0.3070000112056732,0
2020-06-12,0.3070000112056732,0.3072499930858612,0.30695000290870667,0.3070000112056732,0
2020-06-15,0.30744999647140503,0.3077999949455261,0.3071399927139282,0.30744999647140503,0
2020-06-16,0.30737999081611633,0.30761000514030457,0.30684998631477356,0.30737999081611633,0
2020-06-17,0.30709999799728394,0.30774998664855957,0.3070800006389618,0.30709999799728394,0
2020-06-18,0.3071500062942505,0.30774998664855957,0.3070499897003174,0.3071500062942505,0
2020-06-19,0.3071500062942505,0.30774998664855957,0.30713000893592834,0.3071500062942505,0
2020-06-22,0.3073999881744385,0.30774998664855957,0.3072499930858612,0.3073999881744385,0
2020-06-23,0.3073500096797943,0.3075999915599823,0.3068999946117401,0.3073500096797943,0
2020-06-24,0.30713000893592834,0.30726999044418335,0.3068999946117401,0.30713000893592834,0
2020-06-25,0.3071500062942505,0.30774998664855957,0.30695000290870667,0.3071500062942505,0
2020-06-26,0.3072499930858612,0.3073999881744385,0.30698999762535095,0.3072499930858612,0
2020-06-29,0.3073999881744385,0.3076399862766266,0.30702999234199524,0.3073999881744385,0
2020-06-30,0.3072899878025055,0.30768001079559326,0.30713000893592834,0.3072899878025055,0
2020-07-01,0.3073999881744385,0.30768001079559326,0.30720001459121704,0.3073999881744385,0
2020-07-02,0.3072499930858612,0.30774998664855957,0.30709999799728394,0.3072499930858612,0
2020-07-03,0.3072499930858612,0.3077000081539154,0.30720001459121704,0.3072499930858612,0
2020-07-06,0.3073500096797943,0.3075999915599823,0.3071799874305725,0.3073500096797943,0
2020-07-07,0.30730000138282776,0.30781999230384827,0.30695000290870667,0.30730000138282776,0
2020-07-08,0.30730000138282776,0.30781999230384827,0.30695000290870667,0.30730000138282776,0
2020-07-09,0.30730000138282776,0.30781999230384827,0.3066999912261963,0.30730000138282776,0
2020-07-10,0.30730000138282776,0.3073900043964386,0.3072499930858612,0.30730000138282776,0
2020-07-13,0.3071500062942505,0.3075700104236603,0.30713000893592834,0.3071500062942505,0
2020-07-14,0.30730000138282776,0.3075700104236603,0.30674999952316284,0.30730000138282776,0
2020-07-15,0.30730000138282776,0.3075000047683716,0.3066500127315521,0.30730000138282776,0
2020-07-16,0.30730000138282776,0.3075000047683716,0.3066500127315521,0.30730000138282776,0
2020-07-17,0.30730000138282776,0.3075000047683716,0.3070499897003174,0.30730000138282776,0
2020-07-20,0.3070499897003174,0.3075000047683716,0.306549996137619,0.3070499897003174,0
2020-07-21,0.30684998631477356,0.3070000112056732,0.306549996137619,0.30684998631477356,0
2020-07-22,0.3066500127315521,0.30689001083374023,0.30614998936653137,0.3066500127315521,0
2020-07-23,0.30636999011039734,0.3066999912261963,0.30605000257492065,0.30636999011039734,0
2020-07-24,0.30630001425743103,0.3066999912261963,0.30584999918937683,0.30608001351356506,0
2020-07-27,0.3059599995613098,0.3061999976634979,0.3054499924182892,0.3059599995613098,0
2020-07-28,0.30553001165390015,0.3057999908924103,0.3054400086402893,0.30548998713493347,0
2020-07-29,0.30550000071525574,0.3057500123977661,0.30529001355171204,0.30550000071525574,0
2020-07-30,0.30527999997138977,0.30570000410079956,0.30518001317977905,0.30527999997138977,0
2020-07-31,0.30498000979423523,0.30559998750686646,0.30483999848365784,0.3049199879169464,0
2020-08-03,0.30539000034332275,0.305869996547699,0.30511999130249023,0.30539000034332275,0
2020-08-04,0.30562999844551086,0.3059999942779541,0.30531999468803406,0.30562999844551086,0
2020-08-05,0.3054499924182892,0.3054499924182892,0.30498000979423523,0.3054499924182892,0
2020-08-06,0.30518001317977905,0.3059999942779541,0.3048500120639801,0.30518001317977905,0
2020-08-07,0.3049499988555908,0.3059999942779541,0.30483001470565796,0.3049499988555908,0
2020-08-10,0.3052000105381012,0.3059999942779541,0.3052000105381012,0.3052000105381012,0
2020-08-11,0.305400013923645,0.3059000074863434,0.30527999997138977,0.305400013923645,0
2020-08-12,0.30535000562667847,0.30584999918937683,0.3053399920463562,0.30535000562667847,0
2020-08-13,0.30559998750686646,0.3057999908924103,0.3050599992275238,0.30559998750686646,0
2020-08-14,0.30531999468803406,0.3054099977016449,0.3052099943161011,0.30531999468803406,0
2020-08-17,0.3052099943161011,0.305649995803833,0.30515000224113464,0.3052099943161011,0
2020-08-18,0.305400013923645,0.305400013923645,0.3047100007534027,0.305400013923645,0
2020-08-19,0.3049499988555908,0.3050999939441681,0.30480000376701355,0.3049499988555908,0
2020-08-20,0.3048500120639801,0.3054499924182892,0.30483001470565796,0.3048500120639801,0
2020-08-21,0.305400013923645,0.3054099977016449,0.3049499988555908,0.305400013923645,0
2020-08-24,0.3054099977016449,0.3054499924182892,0.3049499988555908,0.3054099977016449,0
2020-08-25,0.30524998903274536,0.3054499924182892,0.30518001317977905,0.30524998903274536,0
2020-08-26,0.30524998903274536,0.30548998713493347,0.30518001317977905,0.30524998903274536,0
2020-08-27,0.30524998903274536,0.3054499924182892,0.3050999939441681,0.30524998903274536,0
2020-08-28,0.30515000224113464,0.3053799867630005,0.3047899901866913,0.3053799867630005,0
2020-08-31,0.30496999621391296,0.30496999621391296,0.30480000376701355,0.30496999621391296,0
2020-09-01,0.30480000376701355,0.30489999055862427,0.3046000003814697,0.30480000376701355,0
2020-09-02,0.30480000376701355,0.3050999939441681,0.30463001132011414,0.30480000376701355,0
2020-09-03,0.30504998564720154,0.3057299852371216,0.3050000071525574,0.3050599992275238,0
2020-09-04,0.3053300082683563,0.3057299852371216,0.30496999621391296,0.3053300082683563,0
2020-09-07,0.3055500090122223,0.3055500090122223,0.3052600026130676,0.3055500090122223,0
2020-09-08,0.30542999505996704,0.3057999908924103,0.3052000105381012,0.30542999505996704,0
2020-09-09,0.3054499924182892,0.30584999918937683,0.305400013923645,0.3054499924182892,0
2020-09-10,0.3054800033569336,0.305649995803833,0.30511000752449036,0.3054800033569336,0
2020-09-11,0.305400013923645,0.3057999908924103,0.3052999973297119,0.305400013923645,0
2020-09-14,0.3055500090122223,0.3057500123977661,0.30507999658584595,0.3055500090122223,0
2020-09-15,0.30535000562667847,0.305649995803833,0.30507999658584595,0.30535000562667847,0
2020-09-16,0.3051699995994568,0.3057900071144104,0.3049899935722351,0.3051699995994568,0
2020-09-17,0.3050999939441681,0.3059000074863434,0.3050999939441681,0.3050999939441681,0
2020-09-18,0.3052999973297119,0.3055500090122223,0.3050000071525574,0.3052999973297119,0
2020-09-21,0.30491000413894653,0.305400013923645,0.30491000413894653,0.30491000413894653,0
2020-09-22,0.3052400052547455,0.3057900071144104,0.3049899935722351,0.3052400052547455,0
2020-09-23,0.305400013923645,0.3057999908924103,0.3050000071525574,0.305400013923645,0
2020-09-24,0.3057200014591217,0.30632999539375305,0.30559998750686646,0.3057200014591217,0
2020-09-25,0.3059000074863434,0.30632999539375305,0.3057500123977661,0.3059000074863434,0
2020-09-28,0.30594998598098755,0.3061699867248535,0.3057999908924103,0.30594998598098755,0
2020-09-29,0.30584999918937683,0.30614998936653137,0.30570000410079956,0.30584999918937683,0
2020-09-30,0.3057999908924103,0.3063099980354309,0.3057999908924103,0.3057999908924103,0
2020-10-01,0.3057999908924103,0.3061000108718872,0.3052999973297119,0.3057999908924103,0
2020-10-02,0.3057999908924103,0.3059999942779541,0.3057299852371216,0.3057999908924103,0
2020-10-05,0.3057500123977661,0.3059999942779541,0.3055500090122223,0.3057500123977661,0
2020-10-06,0.3057299852371216,0.3059000074863434,0.3054499924182892,0.3057299852371216,0
2020-10-07,0.3057299852371216,0.3060699999332428,0.30559998750686646,0.3057299852371216,0
2020-10-08,0.3059000074863434,0.3060699999332428,0.30559998750686646,0.3059000074863434,0
2020-10-09,0.3059000074863434,0.30601000785827637,0.3055799901485443,0.3059000074863434,0
2020-10-12,0.305649995803833,0.305649995803833,0.30500999093055725,0.305649995803833,0
2020-10-13,0.305400013923645,0.3059999942779541,0.30535000562667847,0.305400013923645,0
2020-10-14,0.30550000071525574,0.3057999908924103,0.3053700029850006,0.30550000071525574,0
2020-10-15,0.30550000071525574,0.305649995803833,0.30542001128196716,0.30550000071525574,0
2020-10-16,0.30550000071525574,0.3059000074863434,0.30542001128196716,0.30550000071525574,0
2020-10-19,0.3054499924182892,0.3059000074863434,0.3053399920463562,0.3054499924182892,0
2020-10-20,0.3053700029850006,0.3059000074863434,0.30524998903274536,0.3053700029850006,0
2020-10-21,0.3054499924182892,0.3059000074863434,0.3049300014972687,0.3054499924182892,0
2020-10-22,0.30511999130249023,0.3059000074863434,0.30491000413894653,0.30511999130249023,0
2020-10-23,0.3050000071525574,0.30546998977661133,0.30498000979423523,0.3050000071525574,0
2020-10-26,0.30507999658584595,0.30546998977661133,0.30507999658584595,0.30507999658584595,0
2020-10-27,0.30507999658584595,0.305400013923645,0.3050900101661682,0.3050999939441681,0
2020-10-28,0.3050999939441681,0.3057999908924103,0.3050900101661682,0.3050999939441681,0
2020-10-29,0.3050999939441681,0.305649995803833,0.3050900101661682,0.3050999939441681,0
2020-10-30,0.30535000562667847,0.305649995803833,0.3050900101661682,0.30535000562667847,0
2020-11-02,0.30507999658584595,0.3059000074863434,0.30507999658584595,0.30507999658584595,0
2020-11-03,0.30562999844551086,0.3059999942779541,0.3055500090122223,0.30570000410079956,0
2020-11-04,0.3055500090122223,0.30601000785827637,0.30550000071525574,0.3055500090122223,0
2020-11-05,0.3057500123977661,0.30584999918937683,0.30511000752449036,0.3057500123977661,0
2020-11-06,0.3051300048828125,0.30550000071525574,0.30491000413894653,0.3050299882888794,0
2020-11-09,0.30522000789642334,0.305649995803833,0.3048799932003021,0.30522000789642334,0
2020-11-10,0.30489999055862427,0.30570000410079956,0.30480000376701355,0.30489999055862427,0
2020-11-11,0.30489999055862427,0.305620014667511,0.30489999055862427,0.30489999055862427,0
2020-11-12,0.30489999055862427,0.30559998750686646,0.30489999055862427,0.30489999055862427,0
2020-11-13,0.30489999055862427,0.3055799901485443,0.30489999055862427,0.30489999055862427,0
2020-11-16,0.30550000071525574,0.3057500123977661,0.3050900101661682,0.30550000071525574,0
2020-11-17,0.30489999055862427,0.30559998750686646,0.30489999055862427,0.30489999055862427,0
2020-11-18,0.30489999055862427,0.30562999844551086,0.30489999055862427,0.30489999055862427,0
2020-11-19,0.30489999055862427,0.30562999844551086,0.30489999055862427,0.30489999055862427,0
2020-11-20,0.30489999055862427,0.30550000071525574,0.30489999055862427,0.30489999055862427,0
2020-11-23,0.30524998903274536,0.305649995803833,0.3052099943161011,0.30524998903274536,0
2020-11-24,0.30489999055862427,0.3062500059604645,0.3048500120639801,0.30489999055862427,0
2020-11-25,0.30489999055862427,0.3054499924182892,0.30489999055862427,0.30489999055862427,0
2020-11-26,0.3050000071525574,0.3054800033569336,0.3048799932003021,0.30489999055862427,0
2020-11-27,0.30489999055862427,0.3052600026130676,0.30489999055862427,0.30489999055862427,0
2020-11-30,0.3050000071525574,0.30550000071525574,0.3050000071525574,0.3050000071525574,0
2020-12-01,0.3049499988555908,0.30550000071525574,0.3043400049209595,0.30489999055862427,0
2020-12-02,0.30489999055862427,0.30550000071525574,0.3040499985218048,0.30489999055862427,0
2020-12-03,0.30489999055862427,0.30489999055862427,0.3036800026893616,0.30489999055862427,0
2020-12-04,0.30489999055862427,0.30489999055862427,0.3036099970340729,0.30489999055862427,0
2020-12-07,0.30375000834465027,0.3040899932384491,0.30375000834465027,0.30375000834465027,0
2020-12-08,0.30489999055862427,0.30489999055862427,0.3039399981498718,0.30489999055862427,0
2020-12-09,0.30489999055862427,0.3054800033569336,0.30397000908851624,0.30489999055862427,0
2020-12-10,0.30445000529289246,0.3047100007534027,0.303849995136261,0.30445000529289246,0
2020-12-11,0.30489999055862427,0.30507001280784607,0.30441999435424805,0.30489999055862427,0
2020-12-14,0.30480000376701355,0.30529001355171204,0.30456000566482544,0.30480000376701355,0
2020-12-15,0.304749995470047,0.3051399886608124,0.30480000376701355,0.30489999055862427,0
2020-12-16,0.30489999055862427,0.3050000071525574,0.3041499853134155,0.30489999055862427,0
2020-12-17,0.3041499853134155,0.30434998869895935,0.30320000648498535,0.3041499853134155,0
2020-12-18,0.303600013256073,0.30399999022483826,0.303600013256073,0.303600013256073,0
2020-12-21,0.30364999175071716,0.3046000003814697,0.30364999175071716,0.30364999175071716,0
2020-12-22,0.3037000000476837,0.3045400083065033,0.30309998989105225,0.3037000000476837,0
2020-12-23,0.3043000102043152,0.30476999282836914,0.3040100038051605,0.3043000102043152,0
2020-12-24,0.30489999055862427,0.30489999055862427,0.30437999963760376,0.30489999055862427,0
2020-12-25,0.30469998717308044,0.30469998717308044,0.30469998717308044,0.30469998717308044,0
2020-12-28,0.30469998717308044,0.30504998564720154,0.304500013589859,0.30469998717308044,0
2020-12-29,0.30489999055862427,0.30504998564720154,0.304500013589859,0.30489999055862427,0
2020-12-30,0.30489999055862427,0.30489999055862427,0.30390000343322754,0.30489999055862427,0
2020-12-31,0.30364999175071716,0.30425000190734863,0.30320000648498535,0.30364999175071716,0
2021-01-01,0.30364999175071716,0.30364999175071716,0.30364999175071716,0.30364999175071716,0
2021-01-04,0.30364999175071716,0.30364999175071716,0.3032200038433075,0.30364999175071716,0
2021-01-05,0.303600013256073,0.3037000000476837,0.30300000309944153,0.303600013256073,0
2021-01-06,0.3030799925327301,0.3037000000476837,0.30263999104499817,0.3030799925327301,0
2021-01-07,0.3028799891471863,0.30320000648498535,0.30254998803138733,0.3028799891471863,0
2021-01-08,0.3028799891471863,0.30320000648498535,0.3028799891471863,0.3028799891471863,0
2021-01-11,0.3030799925327301,0.30336999893188477,0.30300000309944153,0.3030799925327301,0
2021-01-12,0.3031800091266632,0.30336999893188477,0.30285000801086426,0.3031800091266632,0
2021-01-13,0.30303001403808594,0.3031499981880188,0.3024500012397766,0.30303001403808594,0
2021-01-14,0.30267998576164246,0.30309998989105225,0.3026300072669983,0.30267998576164246,0
2021-01-15,0.30265000462532043,0.30309998989105225,0.30265000462532043,0.30265000462532043,0
2021-01-18,0.3023500144481659,0.3028799891471863,0.3023500144481659,0.3023500144481659,0
2021-01-19,0.3028799891471863,0.3028999865055084,0.30257999897003174,0.3028799891471863,0
2021-01-20,0.302619993686676,0.3027999997138977,0.30234000086784363,0.302619993686676,0
2021-01-21,0.30232998728752136,0.3026300072669983,0.3022100031375885,0.30232998728752136,0
2021-01-22,0.302700012922287,0.302700012922287,0.30226999521255493,0.302700012922287,0
2021-01-25,0.3021099865436554,0.3023799955844879,0.3021099865436554,0.3021099865436554,0
2021-01-26,0.3022800087928772,0.30250000953674316,0.30195000767707825,0.3022800087928772,0
2021-01-27,0.30197998881340027,0.30250000953674316,0.3019300103187561,0.30197998881340027,0
2021-01-28,0.30235999822616577,0.3024100065231323,0.3022800087928772,0.30235999822616577,0
2021-01-29,0.3022800087928772,0.30237001180648804,0.3021700084209442,0.3022800087928772,0
2021-02-01,0.30232998728752136,0.3024199903011322,0.30219000577926636,0.30232998728752136,0
2021-02-02,0.3023799955844879,0.30265000462532043,0.30232998728752136,0.3023799955844879,0
2021-02-03,0.3024899959564209,0.30285000801086426,0.30239999294281006,0.3024899959564209,0
2021-02-04,0.3024500012397766,0.30274999141693115,0.30235999822616577,0.3024199903011322,0
2021-02-05,0.30254000425338745,0.302700012922287,0.30230000615119934,0.30254000425338745,0
2021-02-08,0.3023799955844879,0.302729994058609,0.30230000615119934,0.3023799955844879,0
2021-02-09,0.30230000615119934,0.30274999141693115,0.30197998881340027,0.30230000615119934,0
2021-02-10,0.30230000615119934,0.30230000615119934,0.3017300069332123,0.30230000615119934,0
2021-02-11,0.30177998542785645,0.3021000027656555,0.3017599880695343,0.30177998542785645,0
2021-02-12,0.30188000202178955,0.3022400140762329,0.3017500042915344,0.30188000202178955,0
2021-02-15,0.30197998881340027,0.30197998881340027,0.30180999636650085,0.30197998881340027,0
2021-02-16,0.30202001333236694,0.3022400140762329,0.30177000164985657,0.30202001333236694,0
2021-02-17,0.30197998881340027,0.3023900091648102,0.30191999673843384,0.30202001333236694,0
2021-02-18,0.3021799921989441,0.3023900091648102,0.3019599914550781,0.3021799921989441,0
2021-02-19,0.3021799921989441,0.3021799921989441,0.3019700050354004,0.3021799921989441,0
2021-02-22,0.3021000027656555,0.3024600148200989,0.3021000027656555,0.3021000027656555,0
2021-02-23,0.3020800054073334,0.30230000615119934,0.30149999260902405,0.3020800054073334,0
2021-02-24,0.30212000012397766,0.30219998955726624,0.30167001485824585,0.30212000012397766,0
2021-02-25,0.30223000049591064,0.30223000049591064,0.30191999673843384,0.30223000049591064,0
2021-02-26,0.3021000027656555,0.30243000388145447,0.3021000027656555,0.3021000027656555,0
2021-03-01,0.30223000049591064,0.30250000953674316,0.3021399974822998,0.30223000049591064,0
2021-03-02,0.3021799921989441,0.30254998803138733,0.30169999599456787,0.3021799921989441,0
2021-03-03,0.30237001180648804,0.30254998803138733,0.301829993724823,0.30237001180648804,0
2021-03-04,0.3022800087928772,0.3022899925708771,0.301939994096756,0.3022800087928772,0
2021-03-05,0.30215001106262207,0.302619993686676,0.30215001106262207,0.30215001106262207,0
2021-03-08,0.3025699853897095,0.3025699853897095,0.30237001180648804,0.3025699853897095,0
2021-03-09,0.30243000388145447,0.3027999997138977,0.3022100031375885,0.30243000388145447,0
2021-03-10,0.30232998728752136,0.3027999997138977,0.3021099865436554,0.3022800087928772,0
2021-03-11,0.3021799921989441,0.30226999521255493,0.30184000730514526,0.30223000049591064,0
2021-03-12,0.30188000202178955,0.30226999521255493,0.30184999108314514,0.30188000202178955,0
2021-03-15,0.30195000767707825,0.3019999861717224,0.30153000354766846,0.30195000767707825,0
2021-03-16,0.301580011844635,0.3017500042915344,0.3013499975204468,0.301580011844635,0
2021-03-17,0.3013800084590912,0.30184000730514526,0.30136001110076904,0.3013800084590912,0
2021-03-18,0.30142998695373535,0.3019999861717224,0.30118998885154724,0.30142998695373535,0
2021-03-19,0.3015199899673462,0.30171000957489014,0.30140000581741333,0.3015199899673462,0
2021-03-22,0.3015199899673462,0.301939994096756,0.301470011472702,0.3015199899673462,0
2021-03-23,0.30149999260902405,0.3020699918270111,0.3014799952507019,0.30149999260902405,0
2021-03-24,0.301690012216568,0.30184999108314514,0.30160000920295715,0.301690012216568,0
2021-03-25,0.301580011844635,0.30173999071121216,0.30156999826431274,0.301580011844635,0
2021-03-26,0.30149999260902405,0.3017599880695343,0.30149999260902405,0.30149999260902405,0
2021-03-29,0.30169999599456787,0.3021399974822998,0.3016799986362457,0.30169999599456787,0
2021-03-30,0.301800012588501,0.30219998955726624,0.30171000957489014,0.301800012588501,0
2021-03-31,0.3016799986362457,0.30219998955726624,0.3016799986362457,0.3016799986362457,0
2021-04-01,0.3018999993801117,0.30230000615119934,0.301690012216568,0.3018999993801117,0
2021-04-02,0.30184999108314514,0.30184999108314514,0.301690012216568,0.30184999108314514,0
2021-04-05,0.301690012216568,0.3017899990081787,0.301690012216568,0.301690012216568,0
2021-04-06,0.30177998542785645,0.30177998542785645,0.3014200031757355,0.30177998542785645,0
2021-04-07,0.30149000883102417,0.30149000883102417,0.30133000016212463,0.30149000883102417,0
2021-04-08,0.30142998695373535,0.30145999789237976,0.3011699914932251,0.30142998695373535,0
2021-04-09,0.30118000507354736,0.3014200031757355,0.30118000507354736,0.30118000507354736,0
2021-04-12,0.30142998695373535,0.30164000391960144,0.30121999979019165,0.30142998695373535,0
2021-04-13,0.3012799918651581,0.3015500009059906,0.3011299967765808,0.3012799918651581,0
2021-04-14,0.3011699914932251,0.3014500141143799,0.3009699881076813,0.3011699914932251,0
2021-04-15,0.3009899854660034,0.3012999892234802,0.30094999074935913,0.3009899854660034,0
2021-04-16,0.3010300099849701,0.30121999979019165,0.3009200096130371,0.3010300099849701,0
2021-04-19,0.30094999074935913,0.30103999376296997,0.3007200062274933,0.30094999074935913,0
2021-04-20,0.30072999000549316,0.3010999858379364,0.3006500005722046,0.30072999000549316,0
2021-04-21,0.30072999000549316,0.30114999413490295,0.30066001415252686,0.30072999000549316,0
2021-04-22,0.300680011510849,0.30121999979019165,0.3005799949169159,0.300680011510849,0
2021-04-23,0.30079999566078186,0.3012000024318695,0.30055001378059387,0.30079999566078186,0
2021-04-26,0.3005799949169159,0.30090001225471497,0.30046001076698303,0.3005799949169159,0
2021-04-27,0.3006199896335602,0.3009999990463257,0.30055999755859375,0.3006199896335602,0
2021-04-28,0.3006199896335602,0.3010599911212921,0.3006199896335602,0.3006199896335602,0
2021-04-29,0.30044999718666077,0.30090001225471497,0.30044999718666077,0.30044999718666077,0
2021-04-30,0.30055001378059387,0.3007499873638153,0.3005099892616272,0.30055001378059387,0
2021-05-03,0.3006500005722046,0.30114999413490295,0.30055001378059387,0.3006500005722046,0
2021-05-04,0.3008800148963928,0.3013499975204468,0.3008500039577484,0.3008800148963928,0
2021-05-05,0.300929993391037,0.3013499975204468,0.30055001378059387,0.300929993391037,0
2021-05-06,0.300929993391037,0.30140000581741333,0.3007600009441376,0.300929993391037,0
2021-05-07,0.3008800148963928,0.30140000581741333,0.30059999227523804,0.3008800148963928,0
2021-05-10,0.3006500005722046,0.3009999990463257,0.3002600073814392,0.3006500005722046,0
2021-05-11,0.30024999380111694,0.30079999566078186,0.30011001229286194,0.30024999380111694,0
2021-05-12,0.3005000054836273,0.30090999603271484,0.3002699911594391,0.3005000054836273,0
2021-05-13,0.3004100024700165,0.30090999603271484,0.3004100024700165,0.3004100024700165,0
2021-05-14,0.30044999718666077,0.3007499873638153,0.30044999718666077,0.30044999718666077,0
2021-05-17,0.3003999888896942,0.30070000886917114,0.3003999888896942,0.3003999888896942,0
2021-05-18,0.30052000284194946,0.30070000886917114,0.3001300096511841,0.30052000284194946,0
2021-05-19,0.30017998814582825,0.3004299998283386,0.30008000135421753,0.30017998814582825,0
2021-05-20,0.30008000135421753,0.3003999888896942,0.30008000135421753,0.30008000135421753,0
2021-05-21,0.3002299964427948,0.3005400002002716,0.3000600039958954,0.3002299964427948,0
2021-05-24,0.3000499904155731,0.30066001415252686,0.3000499904155731,0.3000499904155731,0
2021-05-25,0.30024999380111694,0.30059999227523804,0.30006998777389526,0.30024999380111694,0
2021-05-26,0.3001500070095062,0.30059999227523804,0.300029993057251,0.3001500070095062,0
2021-05-27,0.30017000436782837,0.3005000054836273,0.30017000436782837,0.30017000436782837,0
2021-05-28,0.3002699911594391,0.30090001225471497,0.3002699911594391,0.3002699911594391,0
2021-05-31,0.30055001378059387,0.30055001378059387,0.3002600073814392,0.30055001378059387,0
2021-06-01,0.3002699911594391,0.30055001378059387,0.30013999342918396,0.3002699911594391,0
2021-06-02,0.3002699911594391,0.3004299998283386,0.30024999380111694,0.3002699911594391,0
2021-06-03,0.30028000473976135,0.3005099892616272,0.3002299964427948,0.30028000473976135,0
2021-06-04,0.3005000054836273,0.3006100058555603,0.3002600073814392,0.3005000054836273,0
2021-06-07,0.3001500070095062,0.3005099892616272,0.3001500070095062,0.3001500070095062,0
2021-06-08,0.3000999987125397,0.3006500005722046,0.3000999987125397,0.3000999987125397,0
2021-06-09,0.30031999945640564,0.3006500005722046,0.30017000436782837,0.30031999945640564,0
2021-06-10,0.3002200126647949,0.3006500005722046,0.30017000436782837,0.3002200126647949,0
2021-06-11,0.30031999945640564,0.3006500005722046,0.2999500036239624,0.30031999945640564,0
2021-06-14,0.3001500070095062,0.30077001452445984,0.3001500070095062,0.3001500070095062,0
2021-06-15,0.30041998624801636,0.30079999566078186,0.30020999908447266,0.30041998624801636,0
2021-06-16,0.30041998624801636,0.30079999566078186,0.30035001039505005,0.30041998624801636,0
2021-06-17,0.30041998624801636,0.3010199964046478,0.30041998624801636,0.30041998624801636,0
2021-06-18,0.3007499873638153,0.3010199964046478,0.3007499873638153,0.3007499873638153,0
2021-06-21,0.3008500039577484,0.30105000734329224,0.30059999227523804,0.3008500039577484,0
2021-06-22,0.3008500039577484,0.3009999990463257,0.3005400002002716,0.3008500039577484,0
2021-06-23,0.3008500039577484,0.3008500039577484,0.3004699945449829,0.3008500039577484,0
2021-06-24,0.3008500039577484,0.3008500039577484,0.30052998661994934,0.3008500039577484,0
2021-06-25,0.3008500039577484,0.3008500039577484,0.30048999190330505,0.3008500039577484,0
2021-06-28,0.3008500039577484,0.3008500039577484,0.30055999755859375,0.3008500039577484,0
2021-06-29,0.300570011138916,0.30103999376296997,0.30055001378059387,0.300570011138916,0
2021-06-30,0.3006199896335602,0.30103999376296997,0.30059000849723816,0.3006199896335602,0
2021-07-01,0.30035001039505005,0.3012000024318695,0.30072999000549316,0.3008100092411041,0
2021-07-02,0.3007499873638153,0.3012999892234802,0.3007499873638153,0.3007499873638153,0
2021-07-05,0.3007600009441376,0.3007600009441376,0.300570011138916,0.3007600009441376,0
2021-07-06,0.300709992647171,0.3009999990463257,0.3004699945449829,0.300709992647171,0
2021-07-07,0.30063000321388245,0.30107998847961426,0.30052998661994934,0.30063000321388245,0
2021-07-08,0.30066999793052673,0.3009999990463257,0.30055999755859375,0.30066999793052673,0
2021-07-09,0.30059999227523804,0.3009999990463257,0.30041998624801636,0.30059999227523804,0
2021-07-12,0.3005099892616272,0.3008500039577484,0.30017000436782837,0.3005099892616272,0
2021-07-13,0.3002699911594391,0.300790011882782,0.30020999908447266,0.3002699911594391,0
2021-07-14,0.3002699911594391,0.300790011882782,0.3001300096511841,0.3002699911594391,0
2021-07-15,0.3002699911594391,0.3005000054836273,0.3000600039958954,0.3002699911594391,0
2021-07-16,0.3001999855041504,0.3003000020980835,0.3001599907875061,0.3001999855041504,0
2021-07-19,0.3002699911594391,0.3002699911594391,0.3001999855041504,0.3002699911594391,0
2021-07-20,0.3001999855041504,0.30059000849723816,0.3001999855041504,0.3001999855041504,0
2021-07-21,0.3001999855041504,0.30077001452445984,0.3001999855041504,0.3001999855041504,0
2021-07-22,0.30024999380111694,0.3005400002002716,0.3000999987125397,0.30024999380111694,0
2021-07-23,0.3000999987125397,0.30046001076698303,0.3000999987125397,0.3000999987125397,0
2021-07-26,0.3003999888896942,0.3007499873638153,0.3003000020980835,0.3003999888896942,0
2021-07-27,0.3003999888896942,0.3007499873638153,0.3001999855041504,0.3003999888896942,0
2021-07-28,0.3001999855041504,0.3005000054836273,0.30017000436782837,0.3001999855041504,0
2021-07-29,0.3001999855041504,0.30063000321388245,0.29993000626564026,0.3001999855041504,0
2021-07-30,0.3003999888896942,0.3003999888896942,0.29980000853538513,0.3003999888896942,0
2021-08-02,0.2999500036239624,0.30008000135421753,0.29989999532699585,0.2999500036239624,0
2021-08-03,0.29989999532699585,0.30059999227523804,0.299699991941452,0.29989999532699585,0
2021-08-04,0.29980000853538513,0.30059999227523804,0.299699991941452,0.29980000853538513,0
2021-08-05,0.299699991941452,0.30059999227523804,0.299699991941452,0.299699991941452,0
2021-08-06,0.30000001192092896,0.3001999855041504,0.30000001192092896,0.30000001192092896,0
2021-08-09,0.3003000020980835,0.3003700077533722,0.30028000473976135,0.3003000020980835,0
2021-08-10,0.3003000020980835,0.3005000054836273,0.3001999855041504,0.3003000020980835,0
2021-08-11,0.30044999718666077,0.30055999755859375,0.2999500036239624,0.30044999718666077,0
2021-08-12,0.3001999855041504,0.30046001076698303,0.3001999855041504,0.3001999855041504,0
2021-08-13,0.3003999888896942,0.3004800081253052,0.3001999855041504,0.3003999888896942,0
2021-08-16,0.30031999945640564,0.30031999945640564,0.30000001192092896,0.30031999945640564,0
2021-08-17,0.3000999987125397,0.30037999153137207,0.3000999987125397,0.3000999987125397,0
2021-08-18,0.3003000020980835,0.3005099892616272,0.3003000020980835,0.3003000020980835,0
2021-08-19,0.3003999888896942,0.3006500005722046,0.3003999888896942,0.3003999888896942,0
2021-08-20,0.30059999227523804,0.3009999990463257,0.30059999227523804,0.30059999227523804,0
2021-08-23,0.3006500005722046,0.30090001225471497,0.3003999888896942,0.3006500005722046,0
2021-08-24,0.3003999888896942,0.30090001225471497,0.3003700077533722,0.3003999888896942,0
2021-08-25,0.3003999888896942,0.30048999190330505,0.3003999888896942,0.3003999888896942,0
2021-08-26,0.30044999718666077,0.300570011138916,0.30035001039505005,0.30044999718666077,0
2021-08-27,0.30044999718666077,0.300570011138916,0.3003999888896942,0.30044999718666077,0
2021-08-30,0.3003999888896942,0.3003999888896942,0.30024999380111694,0.3003999888896942,0
2021-08-31,0.30024999380111694,0.3003099858760834,0.3001999855041504,0.30024999380111694,0
2021-09-01,0.3001999855041504,0.30046001076698303,0.3000999987125397,0.3001999855041504,0
2021-09-02,0.3000999987125397,0.3003399968147278,0.3000999987125397,0.3000999987125397,0
2021-09-03,0.3001999855041504,0.3001999855041504,0.3000600039958954,0.3001999855041504,0
2021-09-06,0.3000999987125397,0.3000999987125397,0.30000001192092896,0.3000999987125397,0
2021-09-07,0.30000001192092896,0.3002200126647949,0.30000001192092896,0.30000001192092896,0
2021-09-08,0.3000999987125397,0.3003399968147278,0.3000999987125397,0.3000999987125397,0
2021-09-09,0.30024999380111694,0.30028998851776123,0.30006998777389526,0.30024999380111694,0
2021-09-10,0.3001999855041504,0.3001999855041504,0.2999899983406067,0.3001999855041504,0
2021-09-13,0.30000001192092896,0.30090001225471497,0.30000001192092896,0.30000001192092896,0
2021-09-14,0.3000999987125397,0.3004400134086609,0.30000001192092896,0.3000999987125397,0
2021-09-15,0.3001500070095062,0.3003999888896942,0.3000999987125397,0.3001500070095062,0
2021-09-16,0.3000999987125397,0.30048999190330505,0.3000999987125397,0.3000999987125397,0
2021-09-17,0.3003999888896942,0.30070000886917114,0.30035001039505005,0.3003999888896942,0
2021-09-20,0.30044999718666077,0.3007499873638153,0.30044999718666077,0.30044999718666077,0
2021-09-21,0.3005000054836273,0.30090001225471497,0.30044999718666077,0.3005000054836273,0
2021-09-22,0.3005000054836273,0.30070000886917114,0.3005000054836273,0.3005000054836273,0
2021-09-23,0.30044999718666077,0.3007499873638153,0.30044999718666077,0.30044999718666077,0
2021-09-24,0.3005000054836273,0.30066001415252686,0.3005000054836273,0.3005000054836273,0
2021-09-27,0.3005000054836273,0.30079999566078186,0.3005000054836273,0.3005000054836273,0
2021-09-28,0.3006199896335602,0.30098000168800354,0.3006199896335602,0.3006199896335602,0
2021-09-29,0.3007499873638153,0.3011400103569031,0.3007499873638153,0.3007499873638153,0
2021-09-30,0.30112001299858093,0.3014500141143799,0.30094999074935913,0.30112001299858093,0
2021-10-01,0.3011699914932251,0.3014500141143799,0.30079999566078186,0.3011699914932251,0
2021-10-04,0.3012000024318695,0.3012000024318695,0.3008500039577484,0.3012000024318695,0
2021-10-05,0.30090001225471497,0.3014799952507019,0.30090001225471497,0.30090001225471497,0
2021-10-06,0.3010999858379364,0.3014500141143799,0.3008500039577484,0.3010999858379364,0
2021-10-07,0.3010599911212921,0.30149999260902405,0.30094999074935913,0.3010599911212921,0
2021-10-08,0.30112001299858093,0.30149999260902405,0.3010199964046478,0.30112001299858093,0
2021-10-11,0.30103999376296997,0.30118000507354736,0.30103999376296997,0.30103999376296997,0
2021-10-12,0.30114999413490295,0.3014099895954132,0.30114999413490295,0.30114999413490295,0
2021-10-13,0.3013699948787689,0.30142998695373535,0.3012000024318695,0.3013699948787689,0
2021-10-14,0.3013100028038025,0.3015500009059906,0.3011299967765808,0.3013100028038025,0
2021-10-15,0.30125999450683594,0.301580011844635,0.30114999413490295,0.30125999450683594,0
2021-10-18,0.3012700080871582,0.301580011844635,0.3012700080871582,0.3012700080871582,0
2021-10-19,0.30129000544548035,0.3015500009059906,0.30107998847961426,0.30129000544548035,0
2021-10-20,0.3011299967765808,0.3012999892234802,0.30101001262664795,0.3011299967765808,0
2021-10-21,0.3010599911212921,0.3013499975204468,0.30079999566078186,0.3010599911212921,0
2021-10-22,0.3009200096130371,0.3012000024318695,0.3008500039577484,0.3009200096130371,0
2021-10-25,0.3009699881076813,0.3013499975204468,0.30090001225471497,0.3009699881076813,0
2021-10-26,0.3010999858379364,0.3014500141143799,0.30105000734329224,0.3010999858379364,0
2021-10-27,0.3011600077152252,0.30140000581741333,0.3010300099849701,0.3011600077152252,0
2021-10-28,0.30110999941825867,0.30133000016212463,0.3009899854660034,0.30110999941825867,0
2021-10-29,0.30105000734329224,0.30133000016212463,0.3009899854660034,0.30105000734329224,0
2021-11-01,0.3011699914932251,0.3016299903392792,0.3011699914932251,0.3011699914932251,0
2021-11-02,0.30125001072883606,0.301690012216568,0.30105000734329224,0.30125001072883606,0
2021-11-03,0.3012399971485138,0.3016499876976013,0.30094999074935913,0.3012399971485138,0
2021-11-04,0.3011600077152252,0.30145999789237976,0.3011600077152252,0.3011600077152252,0
2021-11-05,0.30125001072883606,0.3015500009059906,0.30105000734329224,0.30125001072883606,0
2021-11-08,0.301470011472702,0.301690012216568,0.30118000507354736,0.301470011472702,0
2021-11-09,0.3012399971485138,0.30153000354766846,0.3010700047016144,0.3012399971485138,0
2021-11-10,0.30121999979019165,0.30140000581741333,0.30094999074935913,0.30121999979019165,0
2021-11-11,0.3012700080871582,0.3016799986362457,0.3012700080871582,0.3012700080871582,0
2021-11-12,0.30164000391960144,0.3018200099468231,0.30164000391960144,0.30164000391960144,0
2021-11-15,0.3017500042915344,0.30195000767707825,0.3015899956226349,0.3017500042915344,0
2021-11-16,0.3016200065612793,0.30219998955726624,0.3014500141143799,0.3016200065612793,0
2021-11-17,0.30188000202178955,0.3022199869155884,0.30188000202178955,0.30188000202178955,0
2021-11-18,0.3023500144481659,0.3023500144481659,0.30191999673843384,0.3023500144481659,0
2021-11-19,0.30195000767707825,0.30215001106262207,0.3017500042915344,0.30195000767707825,0
2021-11-22,0.30208998918533325,0.3023500144481659,0.30204999446868896,0.30208998918533325,0
2021-11-23,0.3020400106906891,0.30243000388145447,0.3020400106906891,0.3020400106906891,0
2021-11-24,0.30212000012397766,0.30265000462532043,0.30212000012397766,0.30212000012397766,0
2021-11-25,0.30243998765945435,0.3025299906730652,0.30215001106262207,0.30243998765945435,0
2021-11-26,0.30230000615119934,0.30278998613357544,0.3018999993801117,0.30230000615119934,0
2021-11-29,0.30215999484062195,0.3023500144481659,0.3018999993801117,0.30215999484062195,0
2021-11-30,0.3022199869155884,0.3024500012397766,0.30199000239372253,0.3022199869155884,0
2021-12-01,0.30184999108314514,0.3022800087928772,0.30184999108314514,0.30184999108314514,0
2021-12-02,0.3018999993801117,0.3023799955844879,0.301800012588501,0.3018999993801117,0
2021-12-03,0.301800012588501,0.3023500144481659,0.301800012588501,0.301800012588501,0
2021-12-06,0.30219998955726624,0.302480012178421,0.30195000767707825,0.30219998955726624,0
2021-12-07,0.3022499978542328,0.30274999141693115,0.30195000767707825,0.3022499978542328,0
2021-12-08,0.3023200035095215,0.30274999141693115,0.3021300137042999,0.3023200035095215,0
2021-12-09,0.30237001180648804,0.30274999141693115,0.30226001143455505,0.30237001180648804,0
2021-12-10,0.3023200035095215,0.30274999141693115,0.3021000027656555,0.3023200035095215,0
2021-12-13,0.3024199903011322,0.30265000462532043,0.3021300137042999,0.3024199903011322,0
2021-12-14,0.30246999859809875,0.30265000462532043,0.30219998955726624,0.30246999859809875,0
2021-12-15,0.3023500144481659,0.30300000309944153,0.3022800087928772,0.3023500144481659,0
2021-12-16,0.3028700053691864,0.30292001366615295,0.3022800087928772,0.3028700053691864,0
2021-12-17,0.302729994058609,0.302729994058609,0.3025999963283539,0.302729994058609,0
2021-12-20,0.30254998803138733,0.3027999997138977,0.30250999331474304,0.30254998803138733,0
2021-12-21,0.3025699853897095,0.30274999141693115,0.30232998728752136,0.3025699853897095,0
2021-12-22,0.30237001180648804,0.30274999141693115,0.30226001143455505,0.30237001180648804,0
2021-12-23,0.30265000462532043,0.30265000462532043,0.3020099997520447,0.30265000462532043,0
2021-12-24,0.30212000012397766,0.3024500012397766,0.3020299971103668,0.30212000012397766,0
2021-12-27,0.30212000012397766,0.3022100031375885,0.3020800054073334,0.30212000012397766,0
2021-12-28,0.3021799921989441,0.30239999294281006,0.3020099997520447,0.3021799921989441,0
2021-12-29,0.30219998955726624,0.30239999294281006,0.30206000804901123,0.30219998955726624,0
2021-12-30,0.3019999861717224,0.30230000615119934,0.3019700050354004,0.3019999861717224,0
2021-12-31,0.30202001333236694,0.3022499978542328,0.3019700050354004,0.30202001333236694,0
2022-01-03,0.30202001333236694,0.3022499978542328,0.30184999108314514,0.30202001333236694,0
2022-01-04,0.30202001333236694,0.30254998803138733,0.30202001333236694,0.30202001333236694,0
2022-01-05,0.30226999521255493,0.30250000953674316,0.30204999446868896,0.30226999521255493,0
2022-01-06,0.3020699918270111,0.30250000953674316,0.3020699918270111,0.3020699918270111,0
2022-01-07,0.3021700084209442,0.30250000953674316,0.3019999861717224,0.3021700084209442,0
2022-01-10,0.30215001106262207,0.30239999294281006,0.30202001333236694,0.30215001106262207,0
2022-01-11,0.3021300137042999,0.30246999859809875,0.3019999861717224,0.3021300137042999,0
2022-01-12,0.30215001106262207,0.30250000953674316,0.3017500042915344,0.30215001106262207,0
2022-01-13,0.3018200099468231,0.3021300137042999,0.3013800084590912,0.3018200099468231,0
2022-01-14,0.3014200031757355,0.3019999861717224,0.3012000024318695,0.3014200031757355,0
2022-01-17,0.3014200031757355,0.30167001485824585,0.3014200031757355,0.3014200031757355,0
2022-01-18,0.3016200065612793,0.3022499978542328,0.3016200065612793,0.3016200065612793,0
2022-01-19,0.3018699884414673,0.3022499978542328,0.3018200099468231,0.3018699884414673,0
2022-01-20,0.3018699884414673,0.3022100031375885,0.3017899990081787,0.3018699884414673,0
2022-01-21,0.3018200099468231,0.3023500144481659,0.3016499876976013,0.3018200099468231,0
2022-01-24,0.3018200099468231,0.3020099997520447,0.3017300069332123,0.3018200099468231,0
2022-01-25,0.3018699884414673,0.30197998881340027,0.301829993724823,0.3018699884414673,0
2022-01-26,0.3018999993801117,0.30230000615119934,0.30169999599456787,0.3018999993801117,0
2022-01-27,0.30195000767707825,0.30254000425338745,0.30195000767707825,0.30195000767707825,0
2022-01-28,0.30250000953674316,0.3027999997138977,0.30204999446868896,0.30250000953674316,0
2022-01-31,0.30254998803138733,0.30285000801086426,0.30246999859809875,0.30254998803138733,0
2022-02-01,0.30250000953674316,0.30285000801086426,0.3020299971103668,0.30250000953674316,0
2022-02-02,0.30204999446868896,0.3021000027656555,0.30184999108314514,0.30204999446868896,0
2022-02-03,0.30188998579978943,0.30250000953674316,0.3016499876976013,0.30188998579978943,0
2022-02-04,0.3018999993801117,0.30250000953674316,0.3017599880695343,0.3018999993801117,0
2022-02-07,0.301800012588501,0.30219998955726624,0.30149999260902405,0.301800012588501,0
2022-02-08,0.30169999599456787,0.30177998542785645,0.3014500141143799,0.30169999599456787,0
2022-02-09,0.3017500042915344,0.3019999861717224,0.30169999599456787,0.3017500042915344,0
2022-02-10,0.3017500042915344,0.3020299971103668,0.30160000920295715,0.3017500042915344,0
2022-02-11,0.30204999446868896,0.3022499978542328,0.301800012588501,0.30204999446868896,0
2022-02-14,0.3017500042915344,0.3021000027656555,0.3017500042915344,0.3017500042915344,0
2022-02-15,0.3019999861717224,0.3021000027656555,0.3019700050354004,0.3019999861717224,0
2022-02-16,0.30204999446868896,0.30212000012397766,0.30197998881340027,0.30204999446868896,0
2022-02-17,0.3021000027656555,0.3022499978542328,0.30188998579978943,0.3021000027656555,0
2022-02-18,0.3018999993801117,0.30230000615119934,0.30188000202178955,0.3018999993801117,0
2022-02-21,0.30184999108314514,0.30197998881340027,0.30184000730514526,0.30184999108314514,0
2022-02-22,0.30195000767707825,0.30246999859809875,0.30195000767707825,0.30195000767707825,0
2022-02-23,0.30204999446868896,0.3046000003814697,0.301939994096756,0.30204999446868896,0
2022-02-24,0.30195000767707825,0.3025699853897095,0.30195000767707825,0.30195000767707825,0
2022-02-25,0.302480012178421,0.3027999997138977,0.30234000086784363,0.302480012178421,0
2022-02-28,0.3025200068950653,0.302949994802475,0.3025200068950653,0.3025200068950653,0
2022-03-01,0.3023500144481659,0.3025299906730652,0.3023500144481659,0.3023500144481659,0
2022-03-02,0.3024500012397766,0.302949994802475,0.3024500012397766,0.3024500012397766,0
2022-03-03,0.3026899993419647,0.302949994802475,0.3025999963283539,0.3026899993419647,0
2022-03-04,0.302700012922287,0.30300000309944153,0.302700012922287,0.302700012922287,0
2022-03-07,0.30292001366615295,0.30351001024246216,0.30292001366615295,0.30292001366615295,0
2022-03-08,0.30329999327659607,0.30364999175071716,0.30329999327659607,0.30329999327659607,0
2022-03-09,0.30329999327659607,0.3036800026893616,0.30309998989105225,0.30329999327659607,0
2022-03-10,0.30320000648498535,0.3034000098705292,0.3029400110244751,0.30320000648498535,0
2022-03-11,0.3031499981880188,0.3034600019454956,0.3031499981880188,0.3031499981880188,0
2022-03-14,0.30327001214027405,0.30399999022483826,0.30327001214027405,0.30327001214027405,0
2022-03-15,0.30371999740600586,0.30399999022483826,0.3034999966621399,0.30371999740600586,0
2022-03-16,0.30364999175071716,0.30364999175071716,0.3034600019454956,0.30364999175071716,0
2022-03-17,0.30344998836517334,0.3037000000476837,0.3032900094985962,0.30344998836517334,0
2022-03-18,0.3033500015735626,0.3037000000476837,0.3032799959182739,0.3033500015735626,0
2022-03-21,0.3032500147819519,0.30355000495910645,0.3032500147819519,0.3032500147819519,0
2022-03-22,0.3034000098705292,0.30379998683929443,0.3034000098705292,0.3034000098705292,0
2022-03-23,0.30329999327659607,0.3037000000476837,0.30329999327659607,0.30329999327659607,0
2022-03-24,0.3036099970340729,0.30368998646736145,0.30357998609542847,0.3036099970340729,0
2022-03-25,0.30366000533103943,0.30390000343322754,0.3035300076007843,0.30366000533103943,0
2022-03-28,0.30364999175071716,0.3040499985218048,0.30364999175071716,0.30364999175071716,0
2022-03-29,0.3039500117301941,0.3041999936103821,0.30349001288414,0.3039500117301941,0
2022-03-30,0.3037000000476837,0.30399999022483826,0.30331000685691833,0.3037000000476837,0
2022-03-31,0.3032500147819519,0.303600013256073,0.3032500147819519,0.3032500147819519,0
2022-04-01,0.30344998836517334,0.3038400113582611,0.30344998836517334,0.30344998836517334,0
2022-04-04,0.30375000834465027,0.3039500117301941,0.3034299910068512,0.30375000834465027,0
2022-04-05,0.303849995136261,0.3040199875831604,0.303710013628006,0.303849995136261,0
2022-04-06,0.30399999022483826,0.30441001057624817,0.30382999777793884,0.30399999022483826,0
2022-04-07,0.30425000190734863,0.304500013589859,0.3041900098323822,0.30425000190734863,0
2022-04-08,0.3041999936103821,0.304749995470047,0.3041999936103821,0.3041999936103821,0
2022-04-11,0.30445000529289246,0.30469998717308044,0.3043999969959259,0.30445000529289246,0
2022-04-12,0.30445000529289246,0.30469998717308044,0.30434998869895935,0.30445000529289246,0
2022-04-13,0.3043699860572815,0.30465999245643616,0.3043699860572815,0.3043699860572815,0
2022-04-14,0.3046000003814697,0.30480000376701355,0.3042300045490265,0.3046000003814697,0
2022-04-15,0.3045099973678589,0.30504998564720154,0.3045099973678589,0.3045099973678589,0
2022-04-18,0.30504998564720154,0.30504998564720154,0.3045099973678589,0.30504998564720154,0
2022-04-19,0.3050000071525574,0.30524998903274536,0.3045099973678589,0.3050000071525574,0
2022-04-20,0.3050000071525574,0.3051699995994568,0.3048099875450134,0.3050000071525574,0
2022-04-21,0.3048500120639801,0.3050000071525574,0.3046700060367584,0.3048500120639801,0
2022-04-22,0.30480000376701355,0.3051599860191345,0.30480000376701355,0.30480000376701355,0
2022-04-25,0.3050999939441681,0.3052699863910675,0.3050999939441681,0.3050999939441681,0
2022-04-26,0.3052000105381012,0.3053399920463562,0.30515000224113464,0.3052000105381012,0
2022-04-27,0.3052999973297119,0.3057900071144104,0.3052999973297119,0.3052999973297119,0
2022-04-28,0.3057999908924103,0.3064199984073639,0.30550000071525574,0.3057999908924103,0
2022-04-29,0.30640000104904175,0.30640000104904175,0.3060300052165985,0.30640000104904175,0
2022-05-02,0.3061999976634979,0.3063499927520752,0.3059999942779541,0.3061999976634979,0
2022-05-03,0.30614998936653137,0.3063400089740753,0.3061400055885315,0.30614998936653137,0
2022-05-04,0.3061999976634979,0.30640000104904175,0.30608999729156494,0.3061999976634979,0
2022-05-05,0.3063499927520752,0.3063499927520752,0.3056100010871887,0.3063499927520752,0
2022-05-06,0.3061999976634979,0.30660000443458557,0.3061999976634979,0.3061999976634979,0
2022-05-09,0.3068000078201294,0.3068000078201294,0.3062700033187866,0.3068000078201294,0
2022-05-10,0.30640000104904175,0.30660000443458557,0.30612999200820923,0.30640000104904175,0
2022-05-11,0.30640000104904175,0.3066999912261963,0.30619001388549805,0.30640000104904175,0
2022-05-12,0.30640000104904175,0.3068000078201294,0.3062799870967865,0.30640000104904175,0
2022-05-13,0.30640000104904175,0.3066500127315521,0.3063899874687195,0.30640000104904175,0
2022-05-16,0.306549996137619,0.3070000112056732,0.3064500093460083,0.306549996137619,0
2022-05-17,0.306549996137619,0.3065899908542633,0.3061800003051758,0.306549996137619,0
2022-05-18,0.30630001425743103,0.3063899874687195,0.3060699999332428,0.30630001425743103,0
2022-05-19,0.3061999976634979,0.30630001425743103,0.30581000447273254,0.3061999976634979,0
2022-05-20,0.30581000447273254,0.30605000257492065,0.3056899905204773,0.30581000447273254,0
2022-05-23,0.30577999353408813,0.30605000257492065,0.30557000637054443,0.30577999353408813,0
2022-05-24,0.305649995803833,0.3056899905204773,0.3052000105381012,0.305649995803833,0
2022-05-25,0.3052999973297119,0.30546998977661133,0.3052999973297119,0.3052999973297119,0
2022-05-26,0.3053100109100342,0.3057500123977661,0.3051699995994568,0.3053100109100342,0
2022-05-27,0.3052400052547455,0.3055500090122223,0.30511000752449036,0.3052400052547455,0
2022-05-30,0.3052000105381012,0.30542999505996704,0.3052000105381012,0.3052000105381012,0
2022-05-31,0.3053799867630005,0.30583998560905457,0.30524998903274536,0.3053799867630005,0
2022-06-01,0.3056600093841553,0.3061000108718872,0.3053799867630005,0.3056600093841553,0
2022-06-02,0.3057500123977661,0.30584999918937683,0.3055199980735779,0.3057500123977661,0
2022-06-03,0.30553001165390015,0.30584999918937683,0.30546000599861145,0.30553001165390015,0
2022-06-06,0.30577000975608826,0.3059999942779541,0.3055399954319,0.30577000975608826,0
2022-06-07,0.3059700131416321,0.30612000823020935,0.30570000410079956,0.3059700131416321,0
2022-06-08,0.30570000410079956,0.3059900104999542,0.30570000410079956,0.30570000410079956,0
2022-06-09,0.30594998598098755,0.3061999976634979,0.30573999881744385,0.30594998598098755,0
2022-06-10,0.30584999918937683,0.3063899874687195,0.30584999918937683,0.30584999918937683,0
2022-06-13,0.3062500059604645,0.3065899908542633,0.3061800003051758,0.3062500059604645,0
2022-06-14,0.30654001235961914,0.3071199953556061,0.3063499927520752,0.30654001235961914,0
2022-06-15,0.3071199953556061,0.3071199953556061,0.3066500127315521,0.3071199953556061,0
2022-06-16,0.3066200017929077,0.30706000328063965,0.3060399889945984,0.3066200017929077,0
2022-06-17,0.3061099946498871,0.3066500127315521,0.3060699999332428,0.3061099946498871,0
2022-06-20,0.3065600097179413,0.3065600097179413,0.3064199984073639,0.3065600097179413,0
2022-06-21,0.3064799904823303,0.30684998631477356,0.3063800036907196,0.3064799904823303,0
2022-06-22,0.3065800070762634,0.30684998631477356,0.30612999200820923,0.3065800070762634,0
2022-06-23,0.30625998973846436,0.30640000104904175,0.30588001012802124,0.30625998973846436,0
2022-06-24,0.30614998936653137,0.30630001425743103,0.3059299886226654,0.30614998936653137,0
2022-06-27,0.3059999942779541,0.3062500059604645,0.30594998598098755,0.3059999942779541,0
2022-06-28,0.3061400055885315,0.306410014629364,0.30594000220298767,0.3061400055885315,0
2022-06-29,0.3063899874687195,0.3065299987792969,0.30605998635292053,0.3063899874687195,0
2022-06-30,0.30614998936653137,0.30656999349594116,0.30614998936653137,0.30614998936653137,0
2022-07-01,0.30630001425743103,0.3065899908542633,0.30614998936653137,0.30630001425743103,0
2022-07-04,0.3063899874687195,0.3064199984073639,0.30623000860214233,0.3063899874687195,0
2022-07-05,0.3063499927520752,0.3068099915981293,0.3063499927520752,0.3063499927520752,0
2022-07-06,0.3066999912261963,0.3070000112056732,0.3066900074481964,0.3066999912261963,0
2022-07-07,0.3068999946117401,0.30702999234199524,0.3068700134754181,0.3068999946117401,0
2022-07-08,0.3070000112056732,0.30724000930786133,0.3069700002670288,0.3070000112056732,0
2022-07-11,0.3069700002670288,0.3074899911880493,0.3069700002670288,0.3069700002670288,0
2022-07-12,0.30730998516082764,0.307669997215271,0.3068999946117401,0.30730998516082764,0
2022-07-13,0.3075000047683716,0.30764999985694885,0.3073999881744385,0.3075000047683716,0
2022-07-14,0.3075999915599823,0.3078399896621704,0.3073999881744385,0.3075999915599823,0
2022-07-15,0.3075999915599823,0.30764999985694885,0.30744999647140503,0.3075999915599823,0
2022-07-18,0.3075000047683716,0.3075000047683716,0.3070400059223175,0.3075000047683716,0
2022-07-19,0.3075000047683716,0.3075000047683716,0.30691999197006226,0.3075000047683716,0
2022-07-20,0.3069399893283844,0.3073500096797943,0.3066500127315521,0.3069399893283844,0
2022-07-21,0.3072499930858612,0.30726999044418335,0.3069300055503845,0.3072499930858612,0
2022-07-22,0.3071500062942505,0.3071900010108948,0.3066999912261963,0.3071500062942505,0
2022-07-25,0.3068999946117401,0.3068999946117401,0.30654001235961914,0.3068999946117401,0
2022-07-26,0.3066200017929077,0.3068700134754181,0.30651000142097473,0.3066200017929077,0
2022-07-27,0.3066900074481964,0.3071399927139282,0.3066900074481964,0.3066900074481964,0
2022-07-28,0.3068999946117401,0.3068999946117401,0.30630001425743103,0.3068999946117401,0
2022-07-29,0.30660000443458557,0.3066999912261963,0.3060399889945984,0.30660000443458557,0
2022-08-01,0.3066999912261963,0.3066999912261963,0.3059900104999542,0.3066999912261963,0
2022-08-02,0.30608999729156494,0.30630001425743103,0.305869996547699,0.30608999729156494,0
2022-08-03,0.3059999942779541,0.3065800070762634,0.3059999942779541,0.3059999942779541,0
2022-08-04,0.30640000104904175,0.30640000104904175,0.3061999976634979,0.30640000104904175,0
2022-08-05,0.3061999976634979,0.3066500127315521,0.3059900104999542,0.3061999976634979,0
2022-08-08,0.30623000860214233,0.30660000443458557,0.3060399889945984,0.30623000860214233,0
2022-08-09,0.3061999976634979,0.3066500127315521,0.30605998635292053,0.3061999976634979,0
2022-08-10,0.30621999502182007,0.3066500127315521,0.305620014667511,0.30621999502182007,0
2022-08-11,0.30584999918937683,0.3061400055885315,0.30581000447273254,0.30584999918937683,0
2022-08-12,0.30584999918937683,0.30619001388549805,0.30584999918937683,0.30584999918937683,0
2022-08-15,0.3061999976634979,0.3062799870967865,0.3060699999332428,0.3061999976634979,0
2022-08-16,0.3062799870967865,0.30660000443458557,0.30608001351356506,0.3062799870967865,0
2022-08-17,0.3063200116157532,0.3065600097179413,0.3062700033187866,0.3063200116157532,0
2022-08-18,0.3064500093460083,0.30660000443458557,0.3063400089740753,0.3064500093460083,0
2022-08-19,0.3064500093460083,0.30730000138282776,0.3064500093460083,0.3064500093460083,0
2022-08-22,0.3071500062942505,0.3073999881744385,0.30695998668670654,0.3071500062942505,0
2022-08-23,0.30709999799728394,0.3073999881744385,0.30695000290870667,0.30709999799728394,0
2022-08-24,0.3072499930858612,0.3074600100517273,0.3071199953556061,0.3072499930858612,0
2022-08-25,0.30733999609947205,0.3075000047683716,0.30717000365257263,0.30733999609947205,0
2022-08-26,0.30730000138282776,0.3075000047683716,0.30709999799728394,0.30730000138282776,0
2022-08-29,0.30730000138282776,0.30774998664855957,0.30730000138282776,0.30730000138282776,0
2022-08-30,0.3076300024986267,0.30790001153945923,0.3073500096797943,0.3076300024986267,0
2022-08-31,0.3076300024986267,0.30799999833106995,0.30744999647140503,0.3076300024986267,0
2022-09-01,0.30774998664855957,0.30803000926971436,0.30750998854637146,0.30774998664855957,0
2022-09-02,0.30790001153945923,0.3082999885082245,0.30764999985694885,0.30790001153945923,0
2022-09-05,0.30809998512268066,0.30814000964164734,0.30792000889778137,0.30809998512268066,0
2022-09-06,0.3080799877643585,0.3085300028324127,0.3079400062561035,0.3080799877643585,0
2022-09-07,0.3085399866104126,0.30886998772621155,0.3084700107574463,0.3085399866104126,0
2022-09-08,0.3087100088596344,0.3087100088596344,0.3080799877643585,0.3087100088596344,0
2022-09-09,0.30816999077796936,0.3082999885082245,0.3075700104236603,0.30816999077796936,0
2022-09-12,0.30792999267578125,0.30809998512268066,0.307669997215271,0.30792999267578125,0
2022-09-13,0.30774998664855957,0.3082500100135803,0.30720001459121704,0.30774998664855957,0
2022-09-14,0.30809998512268066,0.30834999680519104,0.30799999833106995,0.30809998512268066,0
2022-09-15,0.3082999885082245,0.3086700141429901,0.3082500100135803,0.3082999885082245,0
2022-09-16,0.3084999918937683,0.3088499903678894,0.3082500100135803,0.3084999918937683,0
2022-09-19,0.3087100088596344,0.3087100088596344,0.30799999833106995,0.3087100088596344,0
2022-09-20,0.30834001302719116,0.30869999527931213,0.30809998512268066,0.30834001302719116,0
2022-09-21,0.30845001339912415,0.3088400065898895,0.3070000112056732,0.30845001339912415,0
2022-09-22,0.30880001187324524,0.30952000617980957,0.300929993391037,0.30880001187324524,0
2022-09-23,0.3091300129890442,0.30956000089645386,0.30889999866485596,0.3091300129890442,0
2022-09-26,0.3094500005245209,0.31029999256134033,0.3093999922275543,0.3094500005245209,0
2022-09-27,0.3093999922275543,0.3103399872779846,0.3010599911212921,0.3093999922275543,0
2022-09-28,0.3102000057697296,0.31053999066352844,0.3098599910736084,0.3102000057697296,0
2022-09-29,0.3098500072956085,0.3103500008583069,0.3093999922275543,0.3098500072956085,0
2022-09-30,0.3092400133609772,0.31011998653411865,0.3091000020503998,0.3092400133609772,0
2022-10-03,0.30946001410484314,0.30952000617980957,0.30889999866485596,0.30946001410484314,0
2022-10-04,0.30915001034736633,0.30970001220703125,0.30893000960350037,0.30915001034736633,0
2022-10-05,0.30886998772621155,0.30924999713897705,0.30869999527931213,0.30886998772621155,0
2022-10-06,0.30897998809814453,0.3098999857902527,0.30880001187324524,0.30897998809814453,0
2022-10-07,0.3095000088214874,0.3098999857902527,0.3093000054359436,0.3095000088214874,0
2022-10-10,0.3095000088214874,0.31025001406669617,0.3095000088214874,0.3095000088214874,0
2022-10-11,0.3098999857902527,0.31001999974250793,0.30959999561309814,0.3098999857902527,0
2022-10-12,0.3097499907016754,0.3100700080394745,0.30970001220703125,0.3097499907016754,0
2022-10-13,0.30994999408721924,0.31029999256134033,0.3095000088214874,0.30994999408721924,0
2022-10-14,0.3096599876880646,0.3100300133228302,0.3093999922275543,0.3096599876880646,0
2022-10-17,0.3100999891757965,0.3100999891757965,0.3095000088214874,0.3100999891757965,0
2022-10-18,0.30963999032974243,0.30979999899864197,0.3093999922275543,0.30963999032974243,0
2022-10-19,0.3095400035381317,0.31025001406669617,0.3093999922275543,0.3095400035381317,0
2022-10-20,0.30970001220703125,0.31025001406669617,0.30970001220703125,0.30970001220703125,0
2022-10-21,0.31022998690605164,0.3107300102710724,0.3096100091934204,0.31022998690605164,0
2022-10-24,0.30959001183509827,0.3107999861240387,0.30959001183509827,0.30959001183509827,0
2022-10-25,0.3098500072956085,0.31005001068115234,0.3089999854564667,0.3098500072956085,0
2022-10-26,0.3093299865722656,0.3095000088214874,0.308789998292923,0.3093299865722656,0
2022-10-27,0.3087199926376343,0.3091599941253662,0.3084999918937683,0.3087199926376343,0
2022-10-28,0.30889999866485596,0.3094399869441986,0.30889999866485596,0.30889999866485596,0
2022-10-31,0.30924999713897705,0.3095499873161316,0.3089999854564667,0.30924999713897705,0
2022-11-01,0.30932000279426575,0.3096500039100647,0.3091000020503998,0.30932000279426575,0
2022-11-02,0.309469997882843,0.30970001220703125,0.3090499937534332,0.309469997882843,0
2022-11-03,0.3091000020503998,0.3101699948310852,0.3091000020503998,0.3091000020503998,0
2022-11-04,0.3102099895477295,0.31029999256134033,0.3094100058078766,0.3102099895477295,0
2022-11-07,0.30932000279426575,0.30970001220703125,0.3089999854564667,0.30932000279426575,0
2022-11-08,0.3089900016784668,0.30908000469207764,0.30831998586654663,0.3089900016784668,0
2022-11-09,0.3084000051021576,0.30886998772621155,0.3084000051021576,0.3084000051021576,0
2022-11-10,0.30886000394821167,0.30886000394821167,0.30733999609947205,0.30886000394821167,0
2022-11-11,0.30730998516082764,0.30774998664855957,0.3064599931240082,0.30730998516082764,0
2022-11-14,0.30632999539375305,0.3075700104236603,0.30632999539375305,0.30632999539375305,0
2022-11-15,0.3072499930858612,0.30748000741004944,0.3068400025367737,0.3072499930858612,0
2022-11-16,0.30726999044418335,0.307559996843338,0.30726999044418335,0.30726999044418335,0
2022-11-17,0.3074299991130829,0.3077000081539154,0.3071399927139282,0.3074299991130829,0
2022-11-18,0.3073199987411499,0.3077999949455261,0.3071399927139282,0.3073199987411499,0
2022-11-21,0.30730000138282776,0.3078500032424927,0.30730000138282776,0.30730000138282776,0
2022-11-22,0.3077999949455261,0.3077999949455261,0.3075700104236603,0.3077999949455261,0
2022-11-23,0.3076300024986267,0.3077999949455261,0.3072800040245056,0.3076300024986267,0
2022-11-24,0.3073599934577942,0.3073599934577942,0.30674999952316284,0.3073599934577942,0
2022-11-25,0.30687999725341797,0.3071799874305725,0.3068299889564514,0.30687999725341797,0
2022-11-28,0.3070099949836731,0.30730000138282776,0.3067399859428406,0.3070099949836731,0
2022-11-29,0.3071799874305725,0.30737000703811646,0.30691999197006226,0.3071799874305725,0
2022-11-30,0.30726999044418335,0.30748000741004944,0.30717000365257263,0.30726999044418335,0
2022-12-01,0.30689001083374023,0.30744999647140503,0.3062100112438202,0.30689001083374023,0
2022-12-02,0.3061800003051758,0.30667001008987427,0.30594000220298767,0.3061800003051758,0
2022-12-05,0.30601999163627625,0.3066999912261963,0.30601999163627625,0.30601999163627625,0
2022-12-06,0.3067399859428406,0.30678999423980713,0.3062700033187866,0.3067399859428406,0
2022-12-07,0.3065899908542633,0.30667001008987427,0.3062100112438202,0.3065899908542633,0
2022-12-08,0.3062799870967865,0.30654001235961914,0.3062399923801422,0.3062799870967865,0
2022-12-09,0.3062700033187866,0.3063400089740753,0.3060699999332428,0.3062700033187866,0
2022-12-12,0.3062799870967865,0.3065299987792969,0.3062500059604645,0.3062799870967865,0
2022-12-13,0.30651000142097473,0.3065600097179413,0.3055399954319,0.30651000142097473,0
2022-12-14,0.3057999908924103,0.3061400055885315,0.3057900071144104,0.3057999908924103,0
2022-12-15,0.30605000257492065,0.30640000104904175,0.30583998560905457,0.30605000257492065,0
2022-12-16,0.30640000104904175,0.30640000104904175,0.3061699867248535,0.30640000104904175,0
2022-12-19,0.3063400089740753,0.3063400089740753,0.3059299886226654,0.3063400089740753,0
2022-12-20,0.3059999942779541,0.306549996137619,0.30546998977661133,0.3059999942779541,0
2022-12-21,0.3055500090122223,0.30590999126434326,0.305510014295578,0.3055500090122223,0
2022-12-22,0.30590999126434326,0.30594998598098755,0.305620014667511,0.30590999126434326,0
2022-12-23,0.30590999126434326,0.3061999976634979,0.30577999353408813,0.30590999126434326,0
2022-12-26,0.3059599995613098,0.3062500059604645,0.3059599995613098,0.3059599995613098,0
2022-12-27,0.3061000108718872,0.3061000108718872,0.30566999316215515,0.3061000108718872,0
2022-12-28,0.3058300018310547,0.30597999691963196,0.3056800067424774,0.3058300018310547,0
2022-12-29,0.30584999918937683,0.3061000108718872,0.30562999844551086,0.30584999918937683,0
2022-12-30,0.30566999316215515,0.30566999316215515,0.30542001128196716,0.30566999316215515,0
2023-01-02,0.30559998750686646,0.30559998750686646,0.30531999468803406,0.30559998750686646,0
2023-01-03,0.30542001128196716,0.3060399889945984,0.30518001317977905,0.30542001128196716,0
2023-01-04,0.305869996547699,0.3061000108718872,0.30566999316215515,0.305869996547699,0
2023-01-05,0.3059599995613098,0.3063200116157532,0.305759996175766,0.3059599995613098,0
2023-01-06,0.30623000860214233,0.30656999349594116,0.30573999881744385,0.30623000860214233,0
2023-01-09,0.30564001202583313,0.3057500123977661,0.3053799867630005,0.30564001202583313,0
2023-01-10,0.30546000599861145,0.30553001165390015,0.30527999997138977,0.30546000599861145,0
2023-01-11,0.3054099977016449,0.30577999353408813,0.30531999468803406,0.3054099977016449,0
2023-01-12,0.30539000034332275,0.3057500123977661,0.3048500120639801,0.30539000034332275,0
2023-01-13,0.30491000413894653,0.3050599992275238,0.3045400083065033,0.30491000413894653,0
2023-01-16,0.30458998680114746,0.30498000979423523,0.30458998680114746,0.30458998680114746,0
2023-01-17,0.30483999848365784,0.3051599860191345,0.30463001132011414,0.30483999848365784,0
2023-01-18,0.30476000905036926,0.3052999973297119,0.3045099973678589,0.30476000905036926,0
2023-01-19,0.30480000376701355,0.3050200045108795,0.30476999282836914,0.30480000376701355,0
2023-01-20,0.3047899901866913,0.3052099943161011,0.30476999282836914,0.3047899901866913,0
2023-01-23,0.30507999658584595,0.30522000789642334,0.304720014333725,0.30507999658584595,0
2023-01-24,0.30493998527526855,0.30498000979423523,0.304749995470047,0.30493998527526855,0
2023-01-25,0.3048099875450134,0.3052999973297119,0.30456000566482544,0.3048099875450134,0
2023-01-26,0.30456000566482544,0.3049199879169464,0.304500013589859,0.30456000566482544,0
2023-01-27,0.30469000339508057,0.3050999939441681,0.30465999245643616,0.30469000339508057,0
2023-01-30,0.30476000905036926,0.3048900067806244,0.3047400116920471,0.30476000905036926,0
2023-01-31,0.30487000942230225,0.3050200045108795,0.3047400116920471,0.30487000942230225,0
2023-02-01,0.304749995470047,0.3048200011253357,0.304610013961792,0.304749995470047,0
2023-02-02,0.304390013217926,0.30456000566482544,0.30417001247406006,0.304390013217926,0
2023-02-03,0.304610013961792,0.3049300014972687,0.30449000000953674,0.304610013961792,0
2023-02-06,0.3045499920845032,0.3053799867630005,0.3045499920845032,0.3045499920845032,0
2023-02-07,0.30524998903274536,0.3053799867630005,0.3051599860191345,0.30524998903274536,0
2023-02-08,0.3050599992275238,0.3052600026130676,0.30500999093055725,0.3050599992275238,0
2023-02-09,0.3052299916744232,0.3052699863910675,0.30483001470565796,0.3052299916744232,0
2023-02-10,0.30529001355171204,0.30539000034332275,0.3050599992275238,0.30529001355171204,0
2023-02-13,0.30524998903274536,0.30570998787879944,0.30524998903274536,0.30524998903274536,0
2023-02-14,0.3055199980735779,0.305649995803833,0.3051300048828125,0.3055199980735779,0
2023-02-15,0.3055799901485443,0.30608001351356506,0.30548998713493347,0.3055799901485443,0
2023-02-16,0.3058899939060211,0.30605000257492065,0.3056899905204773,0.3058899939060211,0
2023-02-17,0.30597999691963196,0.30629000067710876,0.30594000220298767,0.30597999691963196,0
2023-02-20,0.305869996547699,0.3059599995613098,0.30581000447273254,0.305869996547699,0
2023-02-21,0.3058899939060211,0.30614998936653137,0.3059000074863434,0.3058899939060211,0
2023-02-22,0.30605000257492065,0.3061400055885315,0.30594000220298767,0.30605000257492065,0
2023-02-23,0.3062100112438202,0.30643001198768616,0.3061000108718872,0.3062100112438202,0
2023-02-24,0.3063499927520752,0.30684998631477356,0.30632999539375305,0.3063499927520752,0
2023-02-27,0.30654001235961914,0.3070000112056732,0.30654001235961914,0.30654001235961914,0
2023-02-28,0.30660000443458557,0.3066200017929077,0.30636000633239746,0.30660000443458557,0
2023-03-01,0.30649998784065247,0.30678001046180725,0.30623000860214233,0.30649998784065247,0
2023-03-02,0.3064199984073639,0.30678001046180725,0.3063200116157532,0.3064199984073639,0
2023-03-03,0.3066500127315521,0.30709999799728394,0.3064599931240082,0.3066500127315521,0
2023-03-06,0.3064799904823303,0.3068000078201294,0.3062500059604645,0.3064799904823303,0
2023-03-07,0.3063200116157532,0.3068000078201294,0.3061800003051758,0.3063200116157532,0
2023-03-08,0.30678001046180725,0.3072499930858612,0.30678001046180725,0.30678001046180725,0
2023-03-09,0.3068700134754181,0.3072499930858612,0.3068099915981293,0.3068700134754181,0
2023-03-10,0.30684998631477356,0.30730000138282776,0.3061099946498871,0.30684998631477356,0
2023-03-13,0.3064599931240082,0.3064599931240082,0.3059599995613098,0.3064599931240082,0
2023-03-14,0.3060300052165985,0.3064599931240082,0.30594998598098755,0.3060300052165985,0
2023-03-15,0.3062799870967865,0.3065299987792969,0.3061400055885315,0.3062799870967865,0
2023-03-16,0.3064599931240082,0.30674999952316284,0.3063800036907196,0.3064599931240082,0
2023-03-17,0.3065899908542633,0.30660998821258545,0.3062500059604645,0.3065899908542633,0
2023-03-20,0.30636000633239746,0.30636000633239746,0.3060399889945984,0.30636000633239746,0
2023-03-21,0.30601999163627625,0.3061999976634979,0.3059999942779541,0.30601999163627625,0
2023-03-22,0.30612999200820923,0.3061800003051758,0.30590999126434326,0.30612999200820923,0
2023-03-23,0.30570998787879944,0.3056800067424774,0.30539000034332275,0.30570998787879944,0
2023-03-24,0.305510014295578,0.3056800067424774,0.30542001128196716,0.305510014295578,0
2023-03-27,0.30566999316215515,0.30605000257492065,0.30566999316215515,0.30566999316215515,0
2023-03-28,0.305869996547699,0.3064500093460083,0.3057200014591217,0.305869996547699,0
2023-03-29,0.3057999908924103,0.30656999349594116,0.3057900071144104,0.3057999908924103,0
2023-03-30,0.30605998635292053,0.30656999349594116,0.3060399889945984,0.30605998635292053,0
2023-03-31,0.3061699867248535,0.306659996509552,0.3061099946498871,0.3061699867248535,0
2023-04-03,0.3063400089740753,0.3068299889564514,0.3061400055885315,0.3063400089740753,0
2023-04-04,0.30612999200820923,0.3068299889564514,0.30601000785827637,0.30612999200820923,0
2023-04-05,0.3059599995613098,0.3066299855709076,0.30597999691963196,0.3059599995613098,0
2023-04-06,0.30630001425743103,0.3064799904823303,0.30621999502182007,0.30630001425743103,0
2023-04-07,0.30629000067710876,0.30674999952316284,0.30629000067710876,0.30629000067710876,0
2023-04-10,0.30629000067710876,0.3068299889564514,0.30629000067710876,0.30629000067710876,0
2023-04-11,0.30629000067710876,0.3068299889564514,0.30584999918937683,0.30629000067710876,0
2023-04-12,0.3059200048446655,0.3059700131416321,0.30562999844551086,0.3059200048446655,0
2023-04-13,0.3056100010871887,0.3057999908924103,0.3053700029850006,0.3056100010871887,0
2023-04-14,0.30546000599861145,0.30588001012802124,0.3053799867630005,0.30546000599861145,0
2023-04-17,0.305649995803833,0.3061999976634979,0.305649995803833,0.305649995803833,0
2023-04-18,0.30584999918937683,0.3061999976634979,0.3057299852371216,0.30584999918937683,0
2023-04-19,0.3059299886226654,0.30619001388549805,0.30594000220298767,0.3059299886226654,0
2023-04-20,0.30608999729156494,0.30640000104904175,0.3058899939060211,0.30608999729156494,0
2023-04-21,0.3058300018310547,0.30614998936653137,0.3058199882507324,0.3058300018310547,0
2023-04-24,0.30594000220298767,0.3062500059604645,0.30577000975608826,0.30594000220298767,0
2023-04-25,0.30583998560905457,0.3062500059604645,0.305620014667511,0.30583998560905457,0
2023-04-26,0.30577999353408813,0.3059000074863434,0.3055399954319,0.30577999353408813,0
2023-04-27,0.30566999316215515,0.3057900071144104,0.3054800033569336,0.30566999316215515,0
2023-04-28,0.3055799901485443,0.30612999200820923,0.30555999279022217,0.3055799901485443,0
2023-05-01,0.3059999942779541,0.3059999942779541,0.3059999942779541,0.3059999942779541,0
2023-05-02,0.30640000104904175,0.3064500093460083,0.30594998598098755,0.30640000104904175,0
2023-05-03,0.30584999918937683,0.3064500093460083,0.30570000410079956,0.30584999918937683,0
2023-05-04,0.30559998750686646,0.3059000074863434,0.30546998977661133,0.30559998750686646,0
2023-05-05,0.30577000975608826,0.30601999163627625,0.3056600093841553,0.30577000975608826,0
2023-05-08,0.3058199882507324,0.3059599995613098,0.3058199882507324,0.3058199882507324,0
2023-05-09,0.3060300052165985,0.30612999200820923,0.3059599995613098,0.3060300052165985,0
2023-05-10,0.30608999729156494,0.30608999729156494,0.3058199882507324,0.30608999729156494,0
2023-05-11,0.30583998560905457,0.306549996137619,0.30581000447273254,0.30583998560905457,0
2023-05-12,0.3061099946498871,0.3066999912261963,0.3060699999332428,0.3061099946498871,0
2023-05-15,0.3064500093460083,0.3066999912261963,0.3063499927520752,0.3064500093460083,0
2023-05-16,0.3064500093460083,0.30656999349594116,0.30629000067710876,0.3064500093460083,0
2023-05-17,0.30654001235961914,0.3066999912261963,0.3064900040626526,0.30654001235961914,0
2023-05-18,0.3065800070762634,0.30709999799728394,0.3065199851989746,0.3065800070762634,0
2023-05-19,0.3068700134754181,0.30709999799728394,0.30654001235961914,0.3068700134754181,0
2023-05-22,0.3066500127315521,0.3070499897003174,0.3065800070762634,0.3066500127315521,0
2023-05-23,0.306769996881485,0.30687999725341797,0.30671998858451843,0.306769996881485,0
2023-05-24,0.3068099915981293,0.3069300055503845,0.30671000480651855,0.3068099915981293,0
2023-05-25,0.3069399893283844,0.30709999799728394,0.3069399893283844,0.3069399893283844,0
2023-05-26,0.3071500062942505,0.3075000047683716,0.3067600131034851,0.3071500062942505,0
2023-05-29,0.30706000328063965,0.30717000365257263,0.30706000328063965,0.30706000328063965,0
2023-05-30,0.30715999007225037,0.30724000930786133,0.30689001083374023,0.30715999007225037,0
2023-05-31,0.3070000112056732,0.3073599934577942,0.30691999197006226,0.3070000112056732,0
2023-06-01,0.3070499897003174,0.3072899878025055,0.30702999234199524,0.3070499897003174,0
2023-06-02,0.3070400059223175,0.3071199953556061,0.3069399893283844,0.3070400059223175,0
2023-06-05,0.30709999799728394,0.30755001306533813,0.3070699870586395,0.30709999799728394,0
2023-06-06,0.3072099983692169,0.3075000047683716,0.3070400059223175,0.3072099983692169,0
2023-06-07,0.3071799874305725,0.3075000047683716,0.3071100115776062,0.3071799874305725,0
2023-06-08,0.3072099983692169,0.3075000047683716,0.30682000517845154,0.3072099983692169,0
2023-06-09,0.30698999762535095,0.3070499897003174,0.30667999386787415,0.30698999762535095,0
2023-06-12,0.30674999952316284,0.30715999007225037,0.3066900074481964,0.30674999952316284,0
2023-06-13,0.30687999725341797,0.3068999946117401,0.3066900074481964,0.30687999725341797,0
2023-06-14,0.3068400025367737,0.30684998631477356,0.30656999349594116,0.3068400025367737,0
2023-06-15,0.306659996509552,0.30695998668670654,0.30630001425743103,0.306659996509552,0
2023-06-16,0.3063899874687195,0.3064900040626526,0.3061400055885315,0.3063899874687195,0
2023-06-19,0.30636000633239746,0.3066500127315521,0.30636000633239746,0.30636000633239746,0
2023-06-20,0.30660000443458557,0.3070000112056732,0.3063099980354309,0.30660000443458557,0
2023-06-21,0.3065899908542633,0.3069800138473511,0.30660000443458557,0.3065899908542633,0
2023-06-22,0.30660998821258545,0.3070099949836731,0.3065600097179413,0.30660998821258545,0
2023-06-23,0.3067600131034851,0.3070800006389618,0.30674999952316284,0.3067600131034851,0
2023-06-26,0.30702000856399536,0.30702000856399536,0.30671000480651855,0.30702000856399536,0
2023-06-27,0.30671998858451843,0.30720001459121704,0.30656999349594116,0.30671998858451843,0
2023-06-28,0.30667001008987427,0.3069700002670288,0.30667001008987427,0.30667001008987427,0
2023-06-29,0.30691999197006226,0.3074199855327606,0.3068400025367737,0.30691999197006226,0
2023-06-30,0.30709999799728394,0.3073999881744385,0.3068000078201294,0.30709999799728394,0
2023-07-03,0.3069800138473511,0.3071100115776062,0.3068000078201294,0.3069800138473511,0
2023-07-04,0.30691999197006226,0.30698999762535095,0.306659996509552,0.30691999197006226,0
2023-07-05,0.3067399859428406,0.30726999044418335,0.30667001008987427,0.3067399859428406,0
2023-07-06,0.30682000517845154,0.3071500062942505,0.30674999952316284,0.30682000517845154,0
2023-07-07,0.30678001046180725,0.3068599998950958,0.30643001198768616,0.30678001046180725,0
2023-07-10,0.3063899874687195,0.30684998631477356,0.3063899874687195,0.3063899874687195,0
2023-07-11,0.3064199984073639,0.3068999946117401,0.30630001425743103,0.3064199984073639,0
2023-07-12,0.3064900040626526,0.30656999349594116,0.3061000108718872,0.3064900040626526,0
2023-07-13,0.30608999729156494,0.30651000142097473,0.30566999316215515,0.30608999729156494,0
2023-07-14,0.3056899905204773,0.305759996175766,0.30548998713493347,0.3056899905204773,0
2023-07-17,0.305759996175766,0.3061099946498871,0.30566999316215515,0.305759996175766,0
2023-07-18,0.3059999942779541,0.3059999942779541,0.30570000410079956,0.3059999942779541,0
2023-07-19,0.3059599995613098,0.3064199984073639,0.3059299886226654,0.3059599995613098,0
2023-07-20,0.30608001351356506,0.3064599931240082,0.30601999163627625,0.30608001351356506,0
2023-07-21,0.3063800036907196,0.30667999386787415,0.30636999011039734,0.3063800036907196,0
2023-07-24,0.3065800070762634,0.3065800070762634,0.3063200116157532,0.3065800070762634,0
2023-07-25,0.30654001235961914,0.30684998631477356,0.306410014629364,0.30654001235961914,0
2023-07-26,0.3063499927520752,0.3066500127315521,0.30632999539375305,0.3063499927520752,0
2023-07-27,0.30643001198768616,0.3069399893283844,0.30616000294685364,0.30643001198768616,0
2023-07-28,0.30654001235961914,0.3071500062942505,0.30647000670433044,0.30654001235961914,0
2023-07-31,0.3064799904823303,0.3071500062942505,0.3064799904823303,0.3064799904823303,0
2023-08-01,0.3066299855709076,0.30722999572753906,0.30663999915122986,0.3066299855709076,0
2023-08-02,0.30702000856399536,0.3073999881744385,0.3068000078201294,0.30702000856399536,0
2023-08-03,0.30733001232147217,0.3074299991130829,0.3070099949836731,0.30733001232147217,0
2023-08-04,0.3070699870586395,0.3071100115776062,0.30695000290870667,0.3070699870586395,0
2023-08-07,0.30702999234199524,0.3072800040245056,0.3069100081920624,0.30702999234199524,0
2023-08-08,0.3069800138473511,0.30726000666618347,0.30691999197006226,0.3069800138473511,0
2023-08-09,0.30720001459121704,0.3073599934577942,0.3070400059223175,0.30720001459121704,0
2023-08-10,0.3071799874305725,0.3072499930858612,0.3069100081920624,0.3071799874305725,0
2023-08-11,0.3071500062942505,0.30722999572753906,0.3069800138473511,0.3071500062942505,0
2023-08-14,0.3071199953556061,0.30733999609947205,0.3070099949836731,0.3071199953556061,0
2023-08-15,0.30720001459121704,0.3072499930858612,0.3070499897003174,0.30720001459121704,0
2023-08-16,0.30717000365257263,0.3076600134372711,0.3071399927139282,0.30717000365257263,0
2023-08-17,0.30733001232147217,0.3076600134372711,0.3073199987411499,0.30733001232147217,0
2023-08-18,0.30737000703811646,0.3078399896621704,0.30737000703811646,0.30737000703811646,0
2023-08-21,0.3074899911880493,0.30809998512268066,0.30744001269340515,0.3074899911880493,0
2023-08-22,0.307669997215271,0.30809998512268066,0.3075000047683716,0.307669997215271,0
2023-08-23,0.30776000022888184,0.3079800009727478,0.30772000551223755,0.30776000022888184,0
2023-08-24,0.3077099919319153,0.30809998512268066,0.30768999457359314,0.3077099919319153,0
2023-08-25,0.3080799877643585,0.3082199990749359,0.3079800009727478,0.3080799877643585,0
2023-08-28,0.3081200122833252,0.3081200122833252,0.3079800009727478,0.3081200122833252,0
2023-08-29,0.3079400062561035,0.3080599904060364,0.3078100085258484,0.3079400062561035,0
2023-08-30,0.30785998702049255,0.30785998702049255,0.3074299991130829,0.30785998702049255,0
2023-08-31,0.3075000047683716,0.3078700006008148,0.30744001269340515,0.3075000047683716,0
2023-09-01,0.3077999949455261,0.30785998702049255,0.30750998854637146,0.3077999949455261,0
2023-09-04,0.30761998891830444,0.3079800009727478,0.30761998891830444,0.30761998891830444,0
2023-09-05,0.3078700006008148,0.3084000051021576,0.3078700006008148,0.3078700006008148,0
2023-09-06,0.30799001455307007,0.3084000051021576,0.30792999267578125,0.30799001455307007,0
2023-09-07,0.3080500066280365,0.30807000398635864,0.30640000104904175,0.3080500066280365,0
2023-09-08,0.30799999833106995,0.3082999885082245,0.3078700006008148,0.30799999833106995,0
2023-09-11,0.3080100119113922,0.30820000171661377,0.30792000889778137,0.3080100119113922,0
2023-09-12,0.3080599904060364,0.3082300126552582,0.3080500066280365,0.3080599904060364,0
2023-09-13,0.3081499934196472,0.30827999114990234,0.3081299960613251,0.3081499934196472,0
2023-09-14,0.3084999918937683,0.3084999918937683,0.3080799877643585,0.3084999918937683,0
2023-09-15,0.308459997177124,0.3087800145149231,0.30845001339912415,0.308459997177124,0
2023-09-18,0.30851998925209045,0.30877000093460083,0.30838000774383545,0.30851998925209045,0
2023-09-19,0.3083899915218353,0.30869001150131226,0.3082300126552582,0.3083899915218353,0
2023-09-20,0.3082599937915802,0.3082999885082245,0.30667999386787415,0.3082599937915802,0
2023-09-21,0.3083699941635132,0.30855000019073486,0.30809998512268066,0.3083699941635132,0
2023-09-22,0.30834001302719116,0.30882999300956726,0.3081800043582916,0.30834001302719116,0
2023-09-25,0.30849000811576843,0.3086000084877014,0.30849000811576843,0.30849000811576843,0
2023-09-26,0.3085800111293793,0.3089500069618225,0.3085300028324127,0.3085800111293793,0
2023-09-27,0.30873000621795654,0.30908000469207764,0.30869001150131226,0.30873000621795654,0
2023-09-28,0.3088099956512451,0.3091999888420105,0.30862000584602356,0.3088099956512451,0
2023-09-29,0.30862998962402344,0.3086499869823456,0.30840998888015747,0.30862998962402344,0
2023-10-02,0.3086400032043457,0.30886998772621155,0.30855000019073486,0.3086400032043457,0
2023-10-03,0.30877000093460083,0.30913999676704407,0.3085800111293793,0.30877000093460083,0
2023-10-04,0.3087100088596344,0.30915001034736633,0.30867999792099,0.3087100088596344,0
2023-10-05,0.3088200092315674,0.30921998620033264,0.3086700141429901,0.3088200092315674,0
2023-10-06,0.30869999527931213,0.3089100122451782,0.30869999527931213,0.30869999527931213,0
2023-10-09,0.30886998772621155,0.30886998772621155,0.30856001377105713,0.30886998772621155,0
2023-10-10,0.3085300028324127,0.30875998735427856,0.3085100054740906,0.3085300028324127,0
2023-10-11,0.30862998962402344,0.30869999527931213,0.308569997549057,0.30862998962402344,0
2023-10-12,0.30862000584602356,0.3090600073337555,0.3084700107574463,0.30862000584602356,0
2023-10-13,0.3088400065898895,0.3090200126171112,0.30880001187324524,0.3088400065898895,0
2023-10-16,0.3089900016784668,0.3092600107192993,0.3088099956512451,0.3089900016784668,0
2023-10-17,0.30880001187324524,0.3091999888420105,0.308789998292923,0.30880001187324524,0
2023-10-18,0.3088800013065338,0.30889999866485596,0.30869001150131226,0.3088800013065338,0
2023-10-19,0.308789998292923,0.3093799948692322,0.3087100088596344,0.308789998292923,0
2023-10-20,0.30869999527931213,0.30913999676704407,0.30869001150131226,0.30869999527931213,0
2023-10-23,0.30869001150131226,0.3090600073337555,0.3086099922657013,0.30869001150131226,0
2023-10-24,0.3090600073337555,0.3090600073337555,0.3084700107574463,0.3090600073337555,0
2023-10-25,0.3086099922657013,0.3087100088596344,0.30858999490737915,0.3086099922657013,0
2023-10-26,0.30873000621795654,0.30915001034736633,0.30873000621795654,0.30873000621795654,0
2023-10-27,0.3087500035762787,0.30875998735427856,0.30845001339912415,0.3087500035762787,0
2023-10-30,0.30869001150131226,0.30897000432014465,0.3085100054740906,0.30869001150131226,0
2023-10-31,0.3085399866104126,0.30869999527931213,0.3084999918937683,0.3085399866104126,0
2023-11-01,0.30869999527931213,0.3087199926376343,0.3086000084877014,0.30869999527931213,0
2023-11-02,0.308569997549057,0.30856001377105713,0.30834001302719116,0.308569997549057,0
2023-11-03,0.3084299862384796,0.30917999148368835,0.3081499934196472,0.3084299862384796,0
2023-11-06,0.30809998512268066,0.30831998586654663,0.3080900013446808,0.30809998512268066,0
2023-11-07,0.3081800043582916,0.30856001377105713,0.3081899881362915,0.3081800043582916,0
2023-11-08,0.3082300126552582,0.30873000621795654,0.30820998549461365,0.3082300126552582,0
2023-11-09,0.30827999114990234,0.30873000621795654,0.30823999643325806,0.30827999114990234,0
2023-11-10,0.3083299994468689,0.30862998962402344,0.3082199990749359,0.3083299994468689,0
2023-11-13,0.30823999643325806,0.30834999680519104,0.30823999643325806,0.30823999643325806,0
2023-11-14,0.30823999643325806,0.3086000084877014,0.3079800009727478,0.30823999643325806,0
2023-11-15,0.30792000889778137,0.30799999833106995,0.3078399896621704,0.30792000889778137,0
2023-11-16,0.30799001455307007,0.3080500066280365,0.3078800141811371,0.30799001455307007,0
2023-11-17,0.3079499900341034,0.30799001455307007,0.3077700138092041,0.3079499900341034,0
2023-11-20,0.30779001116752625,0.3077999949455261,0.3077000081539154,0.30779001116752625,0
2023-11-21,0.30768999457359314,0.30799999833106995,0.3075200021266937,0.30768999457359314,0
2023-11-22,0.3075999915599823,0.307779997587204,0.3075999915599823,0.3075999915599823,0
2023-11-23,0.3077299892902374,0.30781999230384827,0.30761998891830444,0.3077299892902374,0
2023-11-24,0.307779997587204,0.3081499934196472,0.3077400028705597,0.307779997587204,0
2023-11-27,0.30774998664855957,0.3081499934196472,0.30768999457359314,0.30774998664855957,0
2023-11-28,0.30776000022888184,0.30834001302719116,0.3077299892902374,0.30776000022888184,0
2023-11-29,0.30779001116752625,0.3081499934196472,0.3077099919319153,0.30779001116752625,0
2023-11-30,0.30788999795913696,0.30834999680519104,0.30785998702049255,0.30788999795913696,0
2023-12-01,0.30831998586654663,0.3084999918937683,0.3082300126552582,0.30831998586654663,0
2023-12-04,0.3082300126552582,0.3087199926376343,0.3081299960613251,0.3082300126552582,0
2023-12-05,0.30845001339912415,0.30845001339912415,0.3082300126552582,0.30845001339912415,0
2023-12-06,0.3083699941635132,0.3086400032043457,0.30807000398635864,0.3083699941635132,0
2023-12-07,0.3081299960613251,0.30834999680519104,0.3077299892902374,0.3081299960613251,0
2023-12-08,0.30774998664855957,0.30799999833106995,0.30757999420166016,0.30774998664855957,0
2023-12-11,0.30785998702049255,0.3082500100135803,0.30785998702049255,0.30785998702049255,0
2023-12-12,0.3080199956893921,0.30831998586654663,0.3075299859046936,0.3080199956893921,0
2023-12-13,0.30779001116752625,0.3081299960613251,0.3075000047683716,0.30779001116752625,0
2023-12-14,0.3075299859046936,0.3081299960613251,0.3070099949836731,0.3075299859046936,0
2023-12-15,0.3070400059223175,0.3071500062942505,0.3069100081920624,0.3070400059223175,0
2023-12-18,0.3071100115776062,0.30733001232147217,0.3070499897003174,0.3071100115776062,0
2023-12-19,0.30709001421928406,0.3073500096797943,0.30695998668670654,0.30709001421928406,0
2023-12-20,0.3070400059223175,0.30755001306533813,0.30702000856399536,0.3070400059223175,0
2023-12-21,0.30709001421928406,0.30709999799728394,0.30678001046180725,0.30709001421928406,0
2023-12-22,0.30674999952316284,0.3068000078201294,0.3066500127315521,0.30674999952316284,0
2023-12-25,0.3067300021648407,0.3067300021648407,0.3067300021648407,0.3067300021648407,0
2023-12-26,0.3067300021648407,0.3068999946117401,0.3067300021648407,0.3067300021648407,0
2023-12-27,0.30730000138282776,0.30730000138282776,0.3066299855709076,0.30730000138282776,0
2023-12-28,0.3066299855709076,0.3070499897003174,0.30651000142097473,0.3066299855709076,0
2023-12-29,0.3068299889564514,0.30689001083374023,0.3067300021648407,0.3068299889564514,0
2024-01-01,0.30678001046180725,0.30678001046180725,0.30678001046180725,0.30678001046180725,0
2024-01-02,0.30678001046180725,0.3071500062942505,0.3067300021648407,0.30678001046180725,0
2024-01-03,0.3069800138473511,0.30709999799728394,0.30695000290870667,0.3069800138473511,0
2024-01-04,0.30702000856399536,0.3071100115776062,0.3069100081920624,0.30702000856399536,0
2024-01-05,0.3070699870586395,0.3073999881744385,0.3069800138473511,0.3070699870586395,0
2024-01-08,0.30702999234199524,0.30748000741004944,0.30687999725341797,0.30702999234199524,0
2024-01-09,0.3068999946117401,0.3070699870586395,0.306769996881485,0.3068999946117401,0
2024-01-10,0.30698999762535095,0.30706000328063965,0.3069100081920624,0.30698999762535095,0
2024-01-11,0.3070099949836731,0.3075000047683716,0.30674999952316284,0.3070099949836731,0
2024-01-12,0.3068099915981293,0.3073500096797943,0.30678001046180725,0.3068099915981293,0
2024-01-15,0.3068299889564514,0.3069100081920624,0.3068000078201294,0.3068299889564514,0
2024-01-16,0.3068400025367737,0.30720001459121704,0.3068299889564514,0.3068400025367737,0
2024-01-17,0.30724000930786133,0.30741000175476074,0.30717000365257263,0.30724000930786133,0
2024-01-18,0.3074199855327606,0.3078500032424927,0.3071799874305725,0.3074199855327606,0
2024-01-19,0.30733001232147217,0.3077000081539154,0.3072499930858612,0.30733001232147217,0
2024-01-22,0.30733001232147217,0.30764999985694885,0.3071199953556061,0.30733001232147217,0
2024-01-23,0.30722999572753906,0.30761000514030457,0.3070699870586395,0.30722999572753906,0
2024-01-24,0.30720001459121704,0.30726000666618347,0.3069100081920624,0.30720001459121704,0
2024-01-25,0.3071399927139282,0.3071900010108948,0.30698999762535095,0.3071399927139282,0
2024-01-26,0.3071799874305725,0.3075000047683716,0.3070400059223175,0.3071799874305725,0
2024-01-29,0.3071199953556061,0.30722999572753906,0.3071199953556061,0.3071199953556061,0
2024-01-30,0.3071399927139282,0.30764999985694885,0.30709999799728394,0.3071399927139282,0
2024-01-31,0.3071799874305725,0.30764999985694885,0.30695000290870667,0.3071799874305725,0
2024-02-01,0.30702000856399536,0.3072200119495392,0.3069100081920624,0.30702000856399536,0
2024-02-02,0.30702000856399536,0.3072200119495392,0.3068299889564514,0.30702000856399536,0
2024-02-05,0.30709999799728394,0.3075200021266937,0.30709999799728394,0.30709999799728394,0
2024-02-06,0.30733001232147217,0.3075200021266937,0.30730000138282776,0.30733001232147217,0
2024-02-07,0.3073199987411499,0.30779001116752625,0.30730998516082764,0.3073199987411499,0
2024-02-08,0.3073900043964386,0.30779001116752625,0.30737999081611633,0.3073900043964386,0
2024-02-09,0.3074899911880493,0.3078500032424927,0.30741000175476074,0.3074899911880493,0
2024-02-12,0.3074199855327606,0.307669997215271,0.30733001232147217,0.3074199855327606,0
2024-02-13,0.3073999881744385,0.3076300024986267,0.3070499897003174,0.3073999881744385,0
2024-02-14,0.30768999457359314,0.3081600069999695,0.3075999915599823,0.30768999457359314,0
2024-02-15,0.3077400028705597,0.30816999077796936,0.3075200021266937,0.3077400028705597,0
2024-02-16,0.3074600100517273,0.3079400062561035,0.3074299991130829,0.3074600100517273,0
2024-02-19,0.3074699938297272,0.3074699938297272,0.3073999881744385,0.3074699938297272,0
2024-02-20,0.3074600100517273,0.30788999795913696,0.3072200119495392,0.3074600100517273,0
2024-02-21,0.3072800040245056,0.30761000514030457,0.30717000365257263,0.3072800040245056,0
2024-02-22,0.3072200119495392,0.3072800040245056,0.3071100115776062,0.3072200119495392,0
2024-02-23,0.3072800040245056,0.3077000081539154,0.30720001459121704,0.3072800040245056,0
2024-02-26,0.30724000930786133,0.3075000047683716,0.30720001459121704,0.30724000930786133,0
2024-02-27,0.30722999572753906,0.3075000047683716,0.30713000893592834,0.30722999572753906,0
2024-02-28,0.3071900010108948,0.30726000666618347,0.30715999007225037,0.3071900010108948,0
2024-02-29,0.30717000365257263,0.3075700104236603,0.3070699870586395,0.30717000365257263,0
2024-03-01,0.30726000666618347,0.3074699938297272,0.3072200119495392,0.30726000666618347,0
2024-03-04,0.30730000138282776,0.30730000138282776,0.30709999799728394,0.30730000138282776,0
2024-03-05,0.30709999799728394,0.30720001459121704,0.30706000328063965,0.30709999799728394,0
2024-03-06,0.30709999799728394,0.30720001459121704,0.3070400059223175,0.30709999799728394,0
2024-03-07,0.30702999234199524,0.3073999881744385,0.3068000078201294,0.30702999234199524,0
2024-03-08,0.3067600131034851,0.30713000893592834,0.3065600097179413,0.3067600131034851,0
2024-03-11,0.30656999349594116,0.30671000480651855,0.3065600097179413,0.30656999349594116,0
2024-03-12,0.30667999386787415,0.3070499897003174,0.3065800070762634,0.30667999386787415,0
2024-03-13,0.30667999386787415,0.3069800138473511,0.30660000443458557,0.30667999386787415,0
2024-03-14,0.30660998821258545,0.3068400025367737,0.30660998821258545,0.30660998821258545,0
2024-03-15,0.3068099915981293,0.30709999799728394,0.306769996881485,0.3068099915981293,0
2024-03-18,0.3068999946117401,0.30720001459121704,0.3068000078201294,0.3068999946117401,0
2024-03-19,0.3068299889564514,0.3070400059223175,0.3068299889564514,0.3068299889564514,0
2024-03-20,0.30698999762535095,0.3073599934577942,0.3069300055503845,0.30698999762535095,0
2024-03-21,0.30687999725341797,0.3070099949836731,0.3067600131034851,0.30687999725341797,0
2024-03-22,0.3069399893283844,0.3073599934577942,0.3069300055503845,0.3069399893283844,0
2024-03-25,0.3071100115776062,0.3074699938297272,0.30709999799728394,0.3071100115776062,0
2024-03-26,0.30715999007225037,0.3074299991130829,0.3070699870586395,0.30715999007225037,0
2024-03-27,0.3071100115776062,0.3073999881744385,0.30706000328063965,0.3071100115776062,0
2024-03-28,0.3071500062942505,0.3073900043964386,0.3071100115776062,0.3071500062942505,0
2024-03-29,0.3071500062942505,0.3071500062942505,0.3071500062942505,0.3071500062942505,0
2024-04-01,0.3071500062942505,0.30744999647140503,0.3071500062942505,0.3071500062942505,0
2024-04-02,0.3071500062942505,0.3075200021266937,0.3071500062942505,0.3071500062942505,0
2024-04-03,0.3071900010108948,0.3074699938297272,0.3068099915981293,0.3071900010108948,0
2024-04-04,0.30709001421928406,0.30750998854637146,0.3070099949836731,0.30709001421928406,0
2024-04-05,0.3070099949836731,0.30750998854637146,0.30698999762535095,0.3070099949836731,0
2024-04-08,0.30702999234199524,0.30744001269340515,0.30695998668670654,0.30702999234199524,0
2024-04-09,0.3069399893283844,0.3072499930858612,0.3068999946117401,0.3069399893283844,0
2024-04-10,0.3069300055503845,0.30702999234199524,0.3068999946117401,0.3069300055503845,0
2024-04-11,0.30702000856399536,0.3073500096797943,0.30702000856399536,0.30702000856399536,0
2024-04-12,0.30726999044418335,0.3074600100517273,0.3072499930858612,0.30726999044418335,0
2024-04-15,0.30741000175476074,0.3074899911880493,0.3070499897003174,0.30741000175476074,0
2024-04-16,0.3074600100517273,0.3077099919319153,0.3074600100517273,0.3074600100517273,0
2024-04-17,0.30757999420166016,0.30779001116752625,0.30702000856399536,0.30757999420166016,0
2024-04-18,0.3075999915599823,0.30809998512268066,0.30753999948501587,0.3075999915599823,0
2024-04-19,0.3078700006008148,0.3082599937915802,0.3076300024986267,0.3078700006008148,0
2024-04-22,0.3078700006008148,0.3078700006008148,0.3076600134372711,0.3078700006008148,0
2024-04-23,0.3077700138092041,0.3081800043582916,0.3074600100517273,0.3077700138092041,0
2024-04-24,0.307559996843338,0.3076300024986267,0.30744999647140503,0.307559996843338,0
2024-04-25,0.3075000047683716,0.30757999420166016,0.30724000930786133,0.3075000047683716,0
2024-04-26,0.3072499930858612,0.3075900077819824,0.30709999799728394,0.3072499930858612,0
2024-04-29,0.3075999915599823,0.307669997215271,0.30724000930786133,0.3075999915599823,0
2024-04-30,0.3074600100517273,0.3077400028705597,0.30733999609947205,0.3074600100517273,0
2024-05-01,0.30768001079559326,0.30768001079559326,0.30768001079559326,0.30768001079559326,0
2024-05-02,0.30792999267578125,0.30792999267578125,0.3070699870586395,0.30792999267578125,0
2024-05-03,0.30713000893592834,0.30722999572753906,0.3068000078201294,0.30713000893592834,0
2024-05-06,0.3068700134754181,0.3069700002670288,0.3068700134754181,0.3068700134754181,0
2024-05-07,0.3069700002670288,0.3071799874305725,0.30682000517845154,0.3069700002670288,0
2024-05-08,0.3068999946117401,0.3071500062942505,0.3068999946117401,0.3068999946117401,0
2024-05-09,0.3070800006389618,0.3072099983692169,0.3070499897003174,0.3070800006389618,0
2024-05-10,0.30698999762535095,0.3072899878025055,0.3069700002670288,0.30698999762535095,0
2024-05-13,0.3070800006389618,0.3070800006389618,0.3069700002670288,0.3070800006389618,0
2024-05-14,0.3070699870586395,0.30730000138282776,0.3069100081920624,0.3070699870586395,0
2024-05-15,0.30702000856399536,0.3072499930858612,0.306549996137619,0.30702000856399536,0
2024-05-16,0.3067300021648407,0.3069100081920624,0.3064599931240082,0.3067300021648407,0
2024-05-17,0.30667999386787415,0.3068000078201294,0.30667001008987427,0.30667999386787415,0
2024-05-20,0.3067399859428406,0.3068000078201294,0.30630001425743103,0.3067399859428406,0
2024-05-21,0.3064599931240082,0.30674999952316284,0.30632999539375305,0.3064599931240082,0
2024-05-22,0.30640000104904175,0.3068000078201294,0.3063899874687195,0.30640000104904175,0
2024-05-23,0.30649998784065247,0.30654001235961914,0.3064199984073639,0.30649998784065247,0
2024-05-24,0.30651000142097473,0.3068999946117401,0.30651000142097473,0.30651000142097473,0
2024-05-27,0.30651000142097473,0.3065199851989746,0.30601000785827637,0.30651000142097473,0
2024-05-28,0.3063899874687195,0.30643999576568604,0.30619001388549805,0.3063899874687195,0
2024-05-29,0.30625998973846436,0.3064799904823303,0.30625998973846436,0.30625998973846436,0
2024-05-30,0.3064799904823303,0.3068999946117401,0.3063099980354309,0.3064799904823303,0
2024-05-31,0.30632999539375305,0.3064900040626526,0.3063200116157532,0.30632999539375305,0
2024-06-03,0.30632999539375305,0.3066999912261963,0.3059900104999542,0.30632999539375305,0
2024-06-04,0.3059999942779541,0.3064199984073639,0.3058199882507324,0.3059999942779541,0
2024-06-05,0.3058600127696991,0.30597999691963196,0.3058199882507324,0.3058600127696991,0
2024-06-06,0.3059200048446655,0.3059999942779541,0.3057900071144104,0.3059200048446655,0
2024-06-07,0.3059200048446655,0.3062500059604645,0.305759996175766,0.3059200048446655,0
2024-06-10,0.3061000108718872,0.3062500059604645,0.3061000108718872,0.3061000108718872,0
2024-06-11,0.3061800003051758,0.30649998784065247,0.30612999200820923,0.3061800003051758,0
2024-06-12,0.3061699867248535,0.306549996137619,0.3057900071144104,0.3061699867248535,0
2024-06-13,0.3059000074863434,0.3061000108718872,0.3058600127696991,0.3059000074863434,0
2024-06-14,0.30594000220298767,0.3063499927520752,0.3058899939060211,0.30594000220298767,0
2024-06-17,0.30621999502182007,0.30625998973846436,0.3062100112438202,0.30621999502182007,0
2024-06-18,0.3061999976634979,0.30660000443458557,0.30608999729156494,0.3061999976634979,0
2024-06-19,0.3061800003051758,0.3061999976634979,0.3059999942779541,0.3061800003051758,0
2024-06-20,0.3061099946498871,0.3061400055885315,0.30601999163627625,0.3061099946498871,0
2024-06-21,0.3061699867248535,0.3063499927520752,0.30612000823020935,0.3061699867248535,0
2024-06-24,0.3062500059604645,0.3062500059604645,0.30612000823020935,0.3062500059604645,0
2024-06-25,0.30616000294685364,0.30649998784065247,0.30601000785827637,0.30616000294685364,0
2024-06-26,0.3061099946498871,0.3062700033187866,0.30612999200820923,0.3061099946498871,0
2024-06-27,0.3062500059604645,0.3063200116157532,0.3060699999332428,0.3062500059604645,0
2024-06-28,0.3062799870967865,0.30632999539375305,0.3062100112438202,0.3062799870967865,0
2024-07-01,0.30625998973846436,0.30625998973846436,0.30590999126434326,0.30625998973846436,0
2024-07-02,0.30601000785827637,0.3061699867248535,0.30570998787879944,0.30601000785827637,0
2024-07-03,0.3059999942779541,0.30605998635292053,0.30584999918937683,0.3059999942779541,0
2024-07-04,0.3059599995613098,0.306410014629364,0.30570000410079956,0.3059599995613098,0
2024-07-05,0.3057200014591217,0.3057200014591217,0.30557000637054443,0.3057200014591217,0
2024-07-08,0.30566999316215515,0.30566999316215515,0.3054800033569336,0.30566999316215515,0
2024-07-09,0.30553001165390015,0.30562999844551086,0.3054499924182892,0.30553001165390015,0
2024-07-10,0.3055500090122223,0.30562999844551086,0.30550000071525574,0.3055500090122223,0
2024-07-11,0.3055500090122223,0.3055900037288666,0.3051399886608124,0.3055500090122223,0
2024-07-12,0.30529001355171204,0.30531999468803406,0.3050900101661682,0.30529001355171204,0
2024-07-15,0.30527999997138977,0.30527999997138977,0.30507001280784607,0.30527999997138977,0
2024-07-16,0.3051399886608124,0.3052699863910675,0.3051399886608124,0.3051399886608124,0
2024-07-17,0.30518999695777893,0.3052000105381012,0.30496999621391296,0.30518999695777893,0
2024-07-18,0.30496999621391296,0.3050900101661682,0.3049600124359131,0.30496999621391296,0
2024-07-19,0.3050999939441681,0.3053300082683563,0.3050999939441681,0.3050999939441681,0
2024-07-22,0.30531999468803406,0.30531999468803406,0.3050900101661682,0.30531999468803406,0
2024-07-23,0.3052600026130676,0.3054499924182892,0.30515000224113464,0.3052600026130676,0
2024-07-24,0.3052600026130676,0.30539000034332275,0.30511999130249023,0.3052600026130676,0
2024-07-25,0.3052000105381012,0.30557000637054443,0.30507999658584595,0.3052000105381012,0
2024-07-26,0.30535000562667847,0.3054400086402893,0.3052299916744232,0.30535000562667847,0
2024-07-29,0.30535000562667847,0.30542001128196716,0.3052400052547455,0.30535000562667847,0
2024-07-30,0.30535000562667847,0.30570000410079956,0.3052400052547455,0.30535000562667847,0
2024-07-31,0.3051300048828125,0.3053100109100342,0.3050000071525574,0.3051300048828125,0
2024-08-01,0.30504000186920166,0.3053799867630005,0.3049300014972687,0.30504000186920166,0
2024-08-02,0.30511999130249023,0.3055500090122223,0.30469998717308044,0.30511999130249023,0
2024-08-05,0.30472999811172485,0.3049199879169464,0.3046000003814697,0.30472999811172485,0
2024-08-06,0.3050599992275238,0.3052000105381012,0.3049300014972687,0.3050599992275238,0
2024-08-07,0.30511999130249023,0.30553001165390015,0.3046000003814697,0.30511999130249023,0
2024-08-08,0.3054800033569336,0.30583998560905457,0.3053399920463562,0.3054800033569336,0
2024-08-09,0.3057200014591217,0.3059000074863434,0.3055399954319,0.3057200014591217,0
2024-08-12,0.3055900037288666,0.305869996547699,0.3055900037288666,0.3055900037288666,0
2024-08-13,0.30577000975608826,0.3061000108718872,0.3056100010871887,0.30577000975608826,0
2024-08-14,0.30559998750686646,0.3056899905204773,0.30548998713493347,0.30559998750686646,0
2024-08-15,0.30566999316215515,0.30588001012802124,0.3053700029850006,0.30566999316215515,0
2024-08-16,0.3056100010871887,0.3057999908924103,0.3054400086402893,0.3056100010871887,0
2024-08-19,0.3053799867630005,0.30542001128196716,0.30511000752449036,0.3053799867630005,0
2024-08-20,0.30518999695777893,0.3052299916744232,0.3050900101661682,0.30518999695777893,0
2024-08-21,0.30500999093055725,0.3057500123977661,0.3050000071525574,0.30500999093055725,0
2024-08-22,0.3050000071525574,0.30527999997138977,0.30491000413894653,0.3050000071525574,0
2024-08-23,0.3052099943161011,0.3055500090122223,0.3049199879169464,0.3052099943161011,0
2024-08-26,0.3048900067806244,0.30507001280784607,0.3048200011253357,0.3048900067806244,0
2024-08-27,0.3049899935722351,0.30504000186920166,0.30476999282836914,0.3049899935722351,0
2024-08-28,0.30461999773979187,0.3049199879169464,0.30463001132011414,0.30461999773979187,0
2024-08-29,0.30483001470565796,0.30524998903274536,0.30465999245643616,0.30483001470565796,0
2024-08-30,0.3049499988555908,0.3050999939441681,0.30485999584198,0.3049499988555908,0
2024-09-02,0.3051399886608124,0.3051399886608124,0.3049499988555908,0.3051399886608124,0
2024-09-03,0.30507001280784607,0.30511000752449036,0.3049600124359131,0.30507001280784607,0
2024-09-04,0.30504000186920166,0.30515000224113464,0.3044700026512146,0.30504000186920166,0
2024-09-05,0.30483001470565796,0.30511999130249023,0.30458998680114746,0.30483001470565796,0
2024-09-06,0.3049300014972687,0.3050299882888794,0.30469998717308044,0.3049300014972687,0
2024-09-09,0.30491000413894653,0.30535998940467834,0.30461999773979187,0.30491000413894653,0
2024-09-10,0.30485999584198,0.30535998940467834,0.30485999584198,0.30485999584198,0
2024-09-11,0.3049899935722351,0.305400013923645,0.3043999969959259,0.3049899935722351,0
2024-09-12,0.30511999130249023,0.3051599860191345,0.3048500120639801,0.30511999130249023,0
2024-09-13,0.3048900067806244,0.30529001355171204,0.30469998717308044,0.3048900067806244,0
2024-09-16,0.30476000905036926,0.30476000905036926,0.30434998869895935,0.30476000905036926,0
2024-09-17,0.3044399917125702,0.30485999584198,0.30434998869895935,0.3044399917125702,0
2024-09-18,0.3045499920845032,0.3048200011253357,0.3043400049209595,0.3045499920845032,0
2024-09-19,0.30441999435424805,0.304639995098114,0.30441999435424805,0.30441999435424805,0
2024-09-20,0.3044399917125702,0.3046500086784363,0.3043299913406372,0.3044399917125702,0
2024-09-23,0.3045699894428253,0.30469998717308044,0.3044799864292145,0.3045699894428253,0
2024-09-24,0.30456000566482544,0.3049300014972687,0.3045400083065033,0.30456000566482544,0
2024-09-25,0.30463001132011414,0.30483999848365784,0.304500013589859,0.30463001132011414,0
2024-09-26,0.30489999055862427,0.30493998527526855,0.304610013961792,0.30489999055862427,0
2024-09-27,0.3047100007534027,0.30522000789642334,0.3044799864292145,0.3047100007534027,0
2024-09-30,0.3045099973678589,0.3048200011253357,0.30441999435424805,0.3045099973678589,0
2024-10-01,0.30483999848365784,0.3050000071525574,0.30483999848365784,0.30483999848365784,0
2024-10-02,0.30500999093055725,0.3053700029850006,0.30500999093055725,0.30500999093055725,0
2024-10-03,0.30531999468803406,0.305649995803833,0.3052600026130676,0.30531999468803406,0
2024-10-04,0.30546000599861145,0.3058199882507324,0.30535998940467834,0.30546000599861145,0
2024-10-07,0.3058300018310547,0.3059700131416321,0.305649995803833,0.3058300018310547,0
2024-10-08,0.3059599995613098,0.3065199851989746,0.3059000074863434,0.3059599995613098,0
2024-10-09,0.30605998635292053,0.3065199851989746,0.30597999691963196,0.30605998635292053,0
2024-10-10,0.30612000823020935,0.3063800036907196,0.3058300018310547,0.30612000823020935,0
2024-10-11,0.3059700131416321,0.30630001425743103,0.3059599995613098,0.3059700131416321,0
2024-10-14,0.3060300052165985,0.3062500059604645,0.3060300052165985,0.3060300052165985,0
2024-10-15,0.3061800003051758,0.3062500059604645,0.30608001351356506,0.3061800003051758,0
2024-10-16,0.30614998936653137,0.30643999576568604,0.3060300052165985,0.30614998936653137,0
2024-10-17,0.3061999976634979,0.30649998784065247,0.30588001012802124,0.3061999976634979,0
2024-10-18,0.30608001351356506,0.3061099946498871,0.30597999691963196,0.30608001351356506,0
2024-10-21,0.30601999163627625,0.30601999163627625,0.30584999918937683,0.30601999163627625,0
2024-10-22,0.30601999163627625,0.30621999502182007,0.3059200048446655,0.30601999163627625,0
2024-10-23,0.3059700131416321,0.3061000108718872,0.3049199879169464,0.3059700131416321,0
2024-10-24,0.3061000108718872,0.3061000108718872,0.30581000447273254,0.3061000108718872,0
2024-10-25,0.3058199882507324,0.30588001012802124,0.3057999908924103,0.3058199882507324,0
2024-10-28,0.30588001012802124,0.3061000108718872,0.30588001012802124,0.30588001012802124,0
2024-10-29,0.3061099946498871,0.3062700033187866,0.30605998635292053,0.3061099946498871,0
2024-10-30,0.30616000294685364,0.3064599931240082,0.3059900104999542,0.30616000294685364,0
2024-10-31,0.30605998635292053,0.30614998936653137,0.3059299886226654,0.30605998635292053,0
2024-11-01,0.30605000257492065,0.3061699867248535,0.30594998598098755,0.30605000257492065,0
2024-11-04,0.3061099946498871,0.3062500059604645,0.3058199882507324,0.3061099946498871,0
2024-11-05,0.30601000785827637,0.3061999976634979,0.3057500123977661,0.30601000785827637,0
2024-11-06,0.3057500123977661,0.30647000670433044,0.30573999881744385,0.3057500123977661,0
2024-11-07,0.30636000633239746,0.3067300021648407,0.3061099946498871,0.30636000633239746,0
2024-11-08,0.3061699867248535,0.3063499927520752,0.3060300052165985,0.3061699867248535,0
2024-11-11,0.3061699867248535,0.30671998858451843,0.3061699867248535,0.3061699867248535,0
2024-11-12,0.30667999386787415,0.3070000112056732,0.3061999976634979,0.30667999386787415,0
2024-11-13,0.3070000112056732,0.3073599934577942,0.30623000860214233,0.3070000112056732,0
2024-11-14,0.3071399927139282,0.3075000047683716,0.30702999234199524,0.3071399927139282,0
2024-11-15,0.3072200119495392,0.3072200119495392,0.30695998668670654,0.3072200119495392,0
2024-11-18,0.3070400059223175,0.30717000365257263,0.3070400059223175,0.3070400059223175,0
2024-11-19,0.30698999762535095,0.3071500062942505,0.30687999725341797,0.30698999762535095,0
2024-11-20,0.3069399893283844,0.30709999799728394,0.3069399893283844,0.3069399893283844,0
2024-11-21,0.3070400059223175,0.3072899878025055,0.30698999762535095,0.3070400059223175,0
2024-11-22,0.30713000893592834,0.30737000703811646,0.3071199953556061,0.30713000893592834,0
2024-11-25,0.3073500096797943,0.30737999081611633,0.3071199953556061,0.3073500096797943,0
2024-11-26,0.3072899878025055,0.30730000138282776,0.3071100115776062,0.3072899878025055,0
2024-11-27,0.3071799874305725,0.3071900010108948,0.30687999725341797,0.3071799874305725,0
2024-11-28,0.3069100081920624,0.3070499897003174,0.3068999946117401,0.3069100081920624,0
2024-11-29,0.3070099949836731,0.3070099949836731,0.306769996881485,0.3070099949836731,0
2024-12-02,0.30691999197006226,0.30702000856399536,0.30684998631477356,0.30691999197006226,0
2024-12-03,0.30691999197006226,0.3070000112056732,0.30678001046180725,0.30691999197006226,0
2024-12-04,0.3068599998950958,0.3071799874305725,0.30684998631477356,0.3068599998950958,0
2024-12-05,0.30706000328063965,0.3071900010108948,0.3068999946117401,0.30706000328063965,0
2024-12-06,0.30689001083374023,0.30709999799728394,0.30674999952316284,0.30689001083374023,0
2024-12-09,0.30678999423980713,0.30689001083374023,0.30678999423980713,0.30678999423980713,0
2024-12-10,0.3069100081920624,0.30713000893592834,0.3068400025367737,0.3069100081920624,0
2024-12-11,0.3070699870586395,0.30715999007225037,0.30702000856399536,0.3070699870586395,0
2024-12-12,0.3070699870586395,0.30715999007225037,0.30698999762535095,0.3070699870586395,0
2024-12-13,0.30715999007225037,0.3074299991130829,0.30717000365257263,0.30715999007225037,0
2024-12-16,0.3074600100517273,0.3074600100517273,0.30717000365257263,0.3074600100517273,0
2024-12-17,0.3072099983692169,0.30726000666618347,0.3070400059223175,0.3072099983692169,0
2024-12-18,0.3070400059223175,0.3071900010108948,0.30702999234199524,0.3070400059223175,0
2024-12-19,0.3074199855327606,0.3075000047683716,0.30737000703811646,0.3074199855327606,0
2024-12-20,0.30748000741004944,0.3075000047683716,0.3074199855327606,0.30748000741004944,0
2024-12-23,0.30744999647140503,0.3077299892902374,0.30744999647140503,0.30744999647140503,0
2024-12-24,0.3077000081539154,0.30772000551223755,0.3076399862766266,0.3077000081539154,0
2024-12-25,0.30768001079559326,0.30768001079559326,0.30768001079559326,0.30768001079559326,0
2024-12-26,0.30768001079559326,0.30768001079559326,0.30768001079559326,0.30768001079559326,0
2024-12-27,0.30768001079559326,0.3077000081539154,0.3075999915599823,0.30768001079559326,0
2024-12-30,0.3076300024986267,0.3076600134372711,0.30737000703811646,0.3076300024986267,0
2024-12-31,0.3075000047683716,0.30781999230384827,0.30744001269340515,0.3075000047683716,0
