Price,Close,High,Low,Open,Volume
Ticker,CCEP,CCEP,CCEP,CCEP,CCEP
Date,,,,,
1986-11-24,1.5376269817352295,1.6368286217825723,1.4880260198023385,1.5872276598496813,15463800
1986-12-01,1.4632257223129272,1.525226713626557,1.4384250987327174,1.525226713626557,54705600
1986-12-08,1.4508247375488281,1.4632250435869745,1.3764234689565804,1.4508247375488281,7519200
1986-12-15,1.4384251832962036,1.4632258083344158,1.4136248420764557,1.4384251832962036,5997300
1986-12-22,1.426025390625,1.4384254213780403,1.401224761481897,1.426025390625,4269900
1986-12-29,1.4384251832962036,1.4508254958153097,1.4012245295573496,1.4136248420764557,3292200
1987-01-05,1.5004262924194336,1.5004262924194336,1.4508253317698752,1.4508253317698752,7637100
1987-01-12,1.562427282333374,1.5872276207801406,1.4756256720420424,1.4756256720420424,9823500
1987-01-19,1.5252268314361572,1.5624274858614295,1.4880261770108851,1.5376271441840712,8136900
1987-01-26,1.4756251573562622,1.5252261007678312,1.4632251343671199,1.5004257709712134,4872600
1987-02-02,1.5376269817352295,1.5376269817352295,1.4384250578694473,1.475625708364506,12057600
1987-02-09,1.5996276140213013,1.6120279226896073,1.5128260209799116,1.5624269718347594,9765600
1987-02-16,1.6740283966064453,1.723629332593474,1.5748268084506787,1.5996271345350477,9659100
1987-02-23,1.6988298892974854,1.6988298892974854,1.624428576133822,1.6616292327156537,4632000
1987-03-02,1.8104318380355835,1.8104318380355835,1.6740295267577774,1.698829869585065,17979000
1987-03-09,1.7608308792114258,1.8104315571711131,1.7112299174333,1.7856312181912695,10641300
1987-03-16,1.7236305475234985,1.7732312346541161,1.67402957657439,1.7484308910888076,6439800
1987-03-23,1.7123879194259644,1.7868395680966587,1.6999792166440153,1.7372050409793622,5434500
1987-03-30,1.687570571899414,1.7123876901296902,1.613118933198123,1.6627531696586753,5252400
1987-04-06,1.6627538204193115,1.7620229002127987,1.6255279864993972,1.675162526396141,4213500
1987-04-13,1.5758923292160034,1.662752341779894,1.5262578334578367,1.6379352359059711,2689200
1987-04-20,1.5634841918945312,1.600710005987258,1.5262583778018042,1.5758928912622476,3179100
1987-04-27,1.650344729423523,1.6627531463595584,1.5510756898724882,1.5883015087015115,4635000
1987-05-04,1.7744306325912476,1.7868393337457475,1.6751618753866384,1.6999789936851748,6766200
1987-05-11,1.6999791860580444,1.8116566570547883,1.6875707675098477,1.7868395359478992,4242000
1987-05-18,1.6627538204193115,1.712388360316055,1.6255279864993972,1.675162526396141,4236900
1987-05-25,1.7247968912124634,1.7620227213536637,1.6875710610712629,1.7247968912124634,2043300
1987-06-01,1.7496140003204346,1.7496140003204346,1.6751623407323308,1.6999794659248513,5834100
1987-06-08,1.9357423782348633,1.9357423782348633,1.712387488438533,1.749613303404588,11709900
1987-06-15,1.9233328104019165,1.9729673026222625,1.9109244003545558,1.9605586085646007,6280500
1987-06-22,1.936934471130371,1.9617668696215473,1.8251882516420805,1.899685731300941,3736500
1987-06-29,1.924517273902893,1.9617659971667247,1.8996848864554075,1.936933609719239,2514300
1987-07-06,1.8872686624526978,1.9493500610273122,1.8624362735339854,1.9245173879233775,4654500
1987-07-13,1.8872686624526978,1.9245173879233775,1.837603884615273,1.8872686624526978,4220700
1987-07-20,1.8996856212615967,1.9493506995524297,1.8500205429707635,1.8872692806425595,8490900
1987-07-27,1.974183201789856,2.0610970223832616,1.8996857224770314,1.8996857224770314,5512800
1987-08-03,1.9865992069244385,2.0238479402781135,1.8748530068634128,1.9617665285651333,3742500
1987-08-10,2.0114309787750244,2.110760808924405,1.9865985922839777,1.9865985922839777,6120300
1987-08-17,2.023848056793213,2.0362641125023884,1.9493505857969633,2.011431716898738,3391200
1987-08-24,1.8996856212615967,2.048680571948781,1.8624368835898006,2.0362642313297434,5249400
1987-08-31,1.8872686624526978,1.9741824499460245,1.8748526100859526,1.8996849990046651,3085500
1987-09-07,1.974183201789856,1.9741832017898562,1.7879395035077943,1.8624369828206189,1997700
1987-09-14,1.8127720355987549,2.0114320898151186,1.8127720355987549,1.9617670052146896,1927200
1987-09-21,1.8263188600540161,1.8760147061351264,1.776623013972906,1.8387428926646363,7215300
1987-09-28,1.8635919094085693,1.900863747596741,1.8014722738821367,1.838744112070308,3225900
1987-10-05,1.8387421369552612,1.863589907602882,1.7890463112987667,1.8511658800984452,4258200
1987-10-12,1.6275362968444824,1.8635912881278287,1.565416682027376,1.838743499073279,4567800
1987-10-19,1.4536006450653076,1.863590570596548,1.043610719534067,1.4908724564772387,12925200
1987-10-26,1.5281444787979126,1.5529922617148124,1.2175459127103927,1.292089545822486,8148600
1987-11-02,1.416329026222229,1.5405685092744679,1.366633176129055,1.4908726591812937,4664400
1987-11-09,1.3542083501815796,1.453599686983113,1.3169365633358587,1.3790561132916712,4048200
1987-11-16,1.3666340112686157,1.3914820936803718,1.2796665759121695,1.3666340112686157,4308300
1987-11-23,1.4287532567977905,1.4908728647067615,1.3666333645273874,1.3790573998537543,2516100
1987-11-30,1.3542083501815796,1.466023710718742,1.3293603027103211,1.3914801370273004,6527700
1987-12-07,1.4411773681640625,1.4536014065973615,1.3542099522154787,1.3666337062872747,3169200
1987-12-14,1.4536006450653076,1.4784484245528102,1.4039048017289482,1.4411766131408792,1812300
1987-12-21,1.454825758934021,1.5045634865850959,1.4299570374089923,1.467260261997044,1837500
1987-12-28,1.4175232648849487,1.4548265086977106,1.4175232648849487,1.4299577743562575,1972800
1988-01-04,1.5294325351715088,1.5916044945797472,1.4175228374760325,1.4175228374760325,3164100
1988-01-11,1.5294325351715088,1.541867040893588,1.4299573431981116,1.5045638083284292,2257800
1988-01-18,1.4672603607177734,1.554301034212184,1.4423913529184818,1.541866814913575,2827800
1988-01-25,1.5294325351715088,1.5294325351715088,1.4672605757632704,1.479694796884271,1138500
1988-02-01,1.5045639276504517,1.5667358919893442,1.4548261854186768,1.5667358919893442,2360100
1988-02-08,1.4796948432922363,1.5045638555163665,1.467260621781259,1.4921293494043013,3057900
1988-02-15,1.492128849029541,1.5045633509717844,1.442391125861559,1.492128849029541,3041700
1988-02-22,1.5169981718063354,1.554301407872074,1.4672607134527542,1.4921294426295448,6071700
1988-02-29,1.6164741516113281,1.666211625161639,1.529433145996496,1.529433145996496,4927500
1988-03-07,1.5791702270507812,1.6413421846319374,1.5543012163374628,1.616473458519689,4762200
1988-03-14,1.5791702270507812,1.5916044478063704,1.516997984868555,1.5916044478063704,2293500
1988-03-21,1.493275761604309,1.5803836093044765,1.493275761604309,1.5679395496845245,2349000
1988-03-28,1.4683889150619507,1.505720834217594,1.4559448470700895,1.4559448470700895,1962900
1988-04-04,1.5306081771850586,1.5554960200855175,1.455944363663836,1.455944363663836,2262900
1988-04-11,1.4808307886123657,1.5430507635152835,1.4683870214874404,1.5306067115707853,2124300
1988-04-18,1.4808307886123657,1.5430507635152835,1.4683870214874404,1.4683870214874404,1590000
1988-04-25,1.5057207345962524,1.5306085841134074,1.4808326002591765,1.4932766674277145,1561800
1988-05-02,1.5306081771850586,1.5554960200855175,1.4808322065642952,1.4932762704244473,2560800
1988-05-09,1.4808307886123657,1.5430507635152835,1.4683870214874404,1.5430507635152835,2667000
1988-05-16,1.4683889150619507,1.5679406045370197,1.4683889150619507,1.4808326982338718,3115800
1988-05-23,1.4310553073883057,1.4808309509850373,1.4310553073883059,1.4683871824956563,1238100
1988-05-30,1.5057207345962524,1.5430526512819454,1.4435006835734838,1.4559447507420216,1151700
1988-06-06,1.518164038658142,1.5554959435826852,1.5057202602298485,1.518164038658142,1241700
1988-06-13,1.5057207345962524,1.5679405007991003,1.5057207345962524,1.5181645169448694,1581300
1988-06-20,1.5691457986831665,1.6065064129375277,1.4695175890178256,1.481970937076702,1804800
1988-06-27,1.5193312168121338,1.606506059224867,1.4944242411394113,1.5691454531963818,1978200
1988-07-04,1.4695169925689697,1.5317845627067332,1.457063364525917,1.5193309346636803,3052200
1988-07-11,1.494423747062683,1.494423747062683,1.4446095271476906,1.457063153386116,4002900
1988-07-18,1.3698891401290894,1.5691458511627094,1.3698891401290894,1.4944246201549614,11411100
1988-07-25,1.3947958946228027,1.4197028674600554,1.357435292847538,1.369888636746779,2938500
1988-08-01,1.3823422193527222,1.4072491913551661,1.3698885908321194,1.3947958478733247,6513300
1988-08-08,1.2951669692993164,1.3823417705639893,1.2951669692993166,1.3698881460865593,4447800
1988-08-15,1.2951669692993164,1.3200742182541765,1.2578063809056952,1.2951669692993166,2658000
1988-08-22,1.2951669692993164,1.3076205937767464,1.2702600053831252,1.2951669692993166,1808100
1988-08-29,1.2951669692993164,1.3076205937767464,1.2578063809056952,1.2827136298605553,4461900
1988-09-05,1.3698891401290894,1.3698891401290894,1.282714560645967,1.2951679091213413,2394600
1988-09-12,1.3698891401290894,1.3947964071575891,1.320075176149841,1.357435791653715,1107300
1988-09-19,1.3586317300796509,1.3835606558083593,1.3461671245702955,1.3835606558083593,1458900
1988-09-26,1.3586317300796509,1.3835606558083593,1.3461671245702955,1.358631730079651,1454400
1988-10-03,1.4334176778793335,1.4583465842224397,1.358630673560234,1.3710949840868967,3178200
1988-10-10,1.408489465713501,1.4458829938766025,1.3960251465191198,1.4334186746822215,6686100
1988-10-17,1.39602530002594,1.4209542264458637,1.3461671618960815,1.39602530002594,3861000
1988-10-24,1.3835605382919312,1.4458829899651784,1.3710959338412902,1.396025142742572,6488700
1988-10-31,1.4334176778793335,1.4832754905655459,1.358630673560234,1.3710949840868967,5453700
1988-11-07,1.4334176778793335,1.4708111800388832,1.3960241757197838,1.4458819884059961,2642400
1988-11-14,1.39602530002594,1.458347758720755,1.3586317677510487,1.433418832300831,3359100
1988-11-21,1.39602530002594,1.4084896205908966,1.3710960883160053,1.3710960883160053,966000
1988-11-28,1.4334176778793335,1.4708111800388832,1.3835595799033402,1.3960241757197838,1920900
1988-12-05,1.4708123207092285,1.483276640902441,1.4209541840663726,1.4209541840663726,2054100
1988-12-12,1.4458835124969482,1.4832770540726459,1.43341918883177,1.4708127304074676,1230300
1988-12-19,1.484484076499939,1.484484076499939,1.409636135070997,1.4345856392288026,2637600
1988-12-26,1.496958613395691,1.496958613395691,1.4470598977751024,1.4720093983464948,1702800
1989-01-02,1.484484076499939,1.5343827992933128,1.4720096099432736,1.484484076499939,1203300
1989-01-09,1.5718073844909668,1.5718073844909668,1.48448465684513,1.4969594138009206,2701200
1989-01-16,1.5718073844909668,1.6092313698359897,1.559332627535176,1.5718073844909668,2897700
1989-01-23,1.6092312335968018,1.6341804598738066,1.521908513343797,1.5718072514201318,4456500
1989-01-30,1.634179949760437,1.6840786722607604,1.5967559792657535,1.6217054832770332,8876400
1989-02-06,1.6217057704925537,1.6591297476152875,1.6092310162775472,1.6092310162775472,4155600
1989-02-13,1.6840790510177612,1.69655380582903,1.596756338383481,1.6217058480060182,2738400
1989-02-20,1.5593323707580566,1.671604308305172,1.5343831464772426,1.659129838925916,3701100
1989-02-27,1.6092312335968018,1.6092312335968015,1.534383269243462,1.546858025143127,3032400
1989-03-06,1.584281325340271,1.6217052914071892,1.5718065748105643,1.6217052914071892,4722300
1989-03-13,1.6092312335968018,1.6716044420504763,1.5842820073197967,1.5842820073197967,5225400
1989-03-20,1.5979458093643188,1.6104298569890771,1.5604939522250378,1.5979458093643188,1664700
1989-03-27,1.6603646278381348,1.6728483812023531,1.610428757176865,1.610428757176865,2848500
1989-04-03,1.6978172063827515,1.7103009652394028,1.6478813137513713,1.672849117199599,2988000
1989-04-10,1.5979458093643188,1.735269476031678,1.5854620474745544,1.697817618892397,3424200
1989-04-17,1.6229137182235718,1.6353974786795868,1.5854618653856045,1.5979456258416196,3599700
1989-04-24,1.7103006839752197,1.722784726513757,1.6353970002137521,1.6353970002137521,2131800
1989-05-01,1.7103006839752197,1.735268769052294,1.6603650852908265,1.6978169271715602,1840800
1989-05-08,1.8101727962493896,1.8226565554215344,1.7103010084626398,1.7227850533697164,2822400
1989-05-15,1.8101727962493896,1.8476246452356877,1.7976887513423128,1.8101727962493896,2046900
1989-05-22,1.8351398706436157,1.8725917047383835,1.8351398706436157,1.8351398706436157,1807500
1989-05-29,1.797688603401184,1.8725922952095668,1.797688603401184,1.8476244931850754,3486300
1989-06-05,1.8101727962493896,1.8601084044078326,1.7976887513423128,1.8101727962493896,2771400
1989-06-12,1.772721767425537,1.8351414493699705,1.7103017997460395,1.8101736337392098,3255300
1989-06-19,1.773921012878418,1.7989057192248645,1.7239513142571616,1.7739210128784182,2625600
1989-06-26,1.7114578485488892,1.7989047001138228,1.6739806672965178,1.7614275188614517,1800600
1989-07-03,1.7364428043365479,1.7989046769777655,1.6989656235661779,1.6989656235661779,1617000
1989-07-10,1.7239502668380737,1.7739199350992987,1.71145777829072,1.7364427553854276,2683500
1989-07-17,1.7114578485488892,1.7239503376090803,1.6240112829121574,1.7114578485488892,3178200
1989-07-24,1.7239502668380737,1.7364427553854276,1.6864730871242026,1.6989655756715563,3940800
1989-07-31,1.7864110469818115,1.8488731656526265,1.736441695158778,1.736441695158778,2313000
1989-08-07,1.7364428043365479,1.7989046769777655,1.7239503154370253,1.7989046769777655,3788400
1989-08-14,1.773921012878418,1.7739210128784182,1.7114588181197568,1.748936020603608,2463600
1989-08-21,1.7489345073699951,1.7739194780270162,1.7489345073699953,1.7739194780270162,1852500
1989-08-28,1.6365035772323608,1.7739201067668933,1.574041700307348,1.748935127254314,7013100
1989-09-04,1.6614880561828613,1.6864727422400028,1.6240108841330834,1.6489955701902248,5662200
1989-09-11,1.6989656686782837,1.7364428504437737,1.6614884869127935,1.6614884869127935,2975700
1989-09-18,1.6751559972763062,1.750162986499558,1.6751559972763062,1.700158517770028,2164200
1989-09-25,1.7251588106155396,1.750161016842452,1.637650659628395,1.6751541120330806,4688100
1989-10-02,1.7876646518707275,1.8001658993255987,1.7001567780726201,1.7251589868536987,3051000
1989-10-09,1.6626535654067993,1.825168375484384,1.6626535654067995,1.7751639505968377,2533500
1989-10-16,1.6251497268676758,1.712657593195559,1.5751450274455716,1.6126484804799899,3035400
1989-10-23,1.6001474857330322,1.6501521930189247,1.5751452751544281,1.6251499824403206,3231000
1989-10-30,1.5626442432403564,1.6001477073671548,1.5626442432403564,1.5876467434107049,2363700
1989-11-06,1.6001474857330322,1.6126487340866764,1.5251405678685357,1.550143064575824,1272600
1989-11-13,1.5876463651657104,1.6001473261438992,1.5626438709520214,1.6001473261438992,1972800
1989-11-20,1.5501430034637451,1.5876464609174756,1.537641755602944,1.5751452130566743,1451100
1989-11-27,1.6001474857330322,1.6126487340866764,1.550143064575824,1.562644026800784,2332800
1989-12-04,1.6251497268676758,1.6376506871267222,1.5876462738332575,1.600147234092304,1683900
1989-12-11,1.5876463651657104,1.637650781335777,1.575145118058866,1.6126485732507438,1616400
1989-12-18,1.6388609409332275,1.6388609409332278,1.5763090884264934,1.6013297721611683,2143800
1989-12-25,1.601330280303955,1.6388614609856116,1.5512888969552026,1.6388614609856116,1146000
1990-01-01,1.601330280303955,1.6138407693112355,1.5637990996222983,1.601330280303955,1025100
1990-01-08,1.526267409324646,1.6513713986050589,1.5262674093246458,1.6013297456248758,1711800
1990-01-15,1.5637991428375244,1.5763096321905292,1.5262679611187022,1.5262679611187022,1777200
1990-01-22,1.4762260913848877,1.576309114306879,1.4512051208993162,1.5637986290640933,1209300
1990-01-29,1.526267409324646,1.5262674093246458,1.388653221554254,1.463715557854484,1741500
1990-02-05,1.4762260913848877,1.5512884301614058,1.463715606142102,1.5137572607731469,1398900
1990-02-12,1.4762260913848877,1.4887362902875751,1.426184436753843,1.463715606142102,934500
1990-02-19,1.4011642932891846,1.4637161709604145,1.388653803218855,1.451205680890085,1117200
1990-02-26,1.4011642932891846,1.4386954771599643,1.3761433131485252,1.4011642932891843,1557900
1990-03-05,1.4887363910675049,1.4887363910675049,1.4136740472096456,1.4136740472096456,1294200
1990-03-12,1.5512886047363281,1.6138404653093605,1.476226257512637,1.476226257512637,1236000
1990-03-19,1.577561616897583,1.6276430335914744,1.540000626019069,1.5525210518344466,3056700
1990-03-26,1.552520751953125,1.5900817355764463,1.5149597683298042,1.5650408887825236,885300
1990-04-02,1.514959692955017,1.5900816564640665,1.5024392701809925,1.5149596929550169,2449200
1990-04-09,1.4899183511734009,1.55252015762576,1.4773982191368917,1.5149591883813258,826800
1990-04-16,1.5024391412734985,1.5900815200369607,1.4899187195737114,1.5024391412734985,2127600
1990-04-23,1.4398373365402222,1.489918440834989,1.4398373365402222,1.489918440834989,1493700
1990-04-30,1.4147969484329224,1.4899189153686094,1.4147969484329224,1.452357931900766,1226100
1990-05-07,1.5024391412734985,1.5274796981055487,1.4022766273777734,1.4273171842098236,1074000
1990-05-14,1.4773989915847778,1.5274801190502936,1.4398380027018394,1.5024395553175358,1171800
1990-05-21,1.4648780822753906,1.5400000352125902,1.4523576612633546,1.4773985032874266,1396800
1990-05-28,1.6026010513305664,1.6401620157099344,1.4773980277776169,1.4773980277776169,2975100
1990-06-04,1.5900815725326538,1.6151221301914047,1.5650407283063694,1.5900815725326538,1687500
1990-06-11,1.5900815725326538,1.6401626878501556,1.5775611504195117,1.5775611504195117,1730400
1990-06-18,1.5286263227462769,1.5912751376371828,1.5035669688594986,1.5912751376371828,2180400
1990-06-25,1.6038042306900024,1.6038042306900024,1.4534475751008595,1.51609637278471,2174100
1990-07-02,1.5536859035491943,1.6539236020165966,1.5536859035491943,1.6038046093915808,2895300
1990-07-09,1.591274619102478,1.616333964823387,1.5035664789054761,1.553685457129841,2772600
1990-07-16,1.6413931846618652,1.691512159042484,1.578744681772985,1.603804025572032,4266900
1990-07-23,1.6038042306900024,1.641393394587288,1.5912747005792816,1.641393394587288,2320800
1990-07-30,1.5536859035491943,1.6413937821646853,1.5035669109241787,1.6038046093915808,2216100
1990-08-06,1.5160967111587524,1.5536858834454768,1.440918366585304,1.5160967111587524,1902000
1990-08-13,1.4158589839935303,1.5160969861262479,1.3907996268516898,1.503567164163989,1574100
1990-08-20,1.3281517028808594,1.4283894644402944,1.2279136545386147,1.4158596367018113,1583100
1990-08-27,1.4534478187561035,1.4534478187561035,1.3532101271537338,1.3532101271537338,1716900
1990-09-03,1.4409183263778687,1.4659776782755525,1.3907993357998831,1.4659776782755525,2046600
1990-09-10,1.4033292531967163,1.4659777807097585,1.3657400793323635,1.440918427061069,1727100
1990-09-17,1.3919720649719238,1.442133316141219,1.3794316804234916,1.3919720649719238,2166600
1990-09-24,1.3041892051696777,1.404511650430302,1.2791087373666572,1.3919712730166562,3715800
1990-10-01,1.379431128501892,1.4295923596012712,1.2916493328583776,1.3292701844268322,1819200
1990-10-08,1.3418101072311401,1.4295921787969414,1.3041892604206944,1.379430954041586,3753600
1990-10-15,1.3041892051696777,1.3668908052136357,1.2665683599530113,1.3543504277999898,2382900
1990-10-22,1.3543500900268555,1.3668904643129483,1.3041888799066832,1.3167292541927762,3327900
1990-10-29,1.379431128501892,1.3919715080328166,1.3418102769334375,1.3543506564643621,2140200
1990-11-05,1.4546730518341064,1.467213433263281,1.3794313373077842,1.3794313373077842,1397400
1990-11-12,1.4546730518341064,1.4922939090972673,1.4045121001661334,1.4421329574292945,1189500
1990-11-19,1.4672133922576904,1.4797537733363872,1.4546730111789936,1.4672133922576904,1069800
1990-11-26,1.529914379119873,1.5549951356299674,1.4546726836381696,1.4672130618932169,1702200
1990-12-03,1.529914379119873,1.6176964528566236,1.529914379119873,1.5549951356299674,1620600
1990-12-10,1.504833698272705,1.5800753831863403,1.504833698272705,1.5299141642358336,1260300
1990-12-17,1.5185495615005493,1.5687493523417126,1.4808995747463756,1.505999470166957,1145700
1990-12-24,1.5310996770858765,1.5561998648596307,1.518549870445661,1.5310996770858767,653400
1990-12-31,1.5436502695083618,1.5938503740217795,1.531100171568319,1.531100171568319,519600
1991-01-07,1.4934499263763428,1.518550118246001,1.4432501171304426,1.518550118246001,2281500
1991-01-14,1.4934499263763428,1.5562001188037804,1.4307000211956133,1.4557999258185634,1453800
1991-01-21,1.5310996770858765,1.5310996770858767,1.4808998760316914,1.493449682671907,750600
1991-01-28,1.6440500020980835,1.656600098593914,1.506000089630831,1.5436500918716016,1833600
1991-02-04,1.6440500020980835,1.6691501950897447,1.5813000941123725,1.6440500020980833,3115200
1991-02-11,1.8071993589401245,1.8071993589401245,1.6440493210647182,1.6440493210647182,4033800
1991-02-18,1.7068004608154297,1.7821004769213051,1.6817002639489609,1.7821004769213051,2010600
1991-02-25,1.7444504499435425,1.7570002609938637,1.669150434654566,1.731900351646459,1793700
1991-03-04,1.7444504499435425,1.7946502686383519,1.7068004422990544,1.7444504499435425,2011800
1991-03-11,1.882500171661377,1.9452500816345126,1.6817000576019199,1.757000064468375,3147600
1991-03-18,1.8335661888122559,1.9842702670008032,1.8084489382625704,1.8586837268071588,3727200
1991-03-25,1.8586839437484741,1.9214772211743834,1.8210079198038784,1.8461251732851918,1724700
1991-04-01,1.9465937614440918,2.047063313448854,1.8335657310225932,1.846124496884475,2272800
1991-04-08,1.8712424039840698,1.9591532212662264,1.7833318741471604,1.9591532212662264,2501100
1991-04-15,1.934035301208496,1.9465937797432897,1.8335657482592571,1.8838005247338765,2161800
1991-04-22,1.8586839437484741,1.9717120155822614,1.8335664028219096,1.9214772211743834,1427700
1991-04-29,1.8963594436645508,1.921476690205116,1.7833314030642498,1.8461246631382486,1980300
1991-05-06,1.9214774370193481,1.9717122370702427,1.8712426369684538,1.8838014088424984,1404300
1991-05-13,1.8963594436645508,1.921476690205116,1.858683430131117,1.8963594436645508,1398300
1991-05-20,1.9465937614440918,1.9465937614440918,1.846124496884475,1.9089177513035922,1300800
1991-05-27,1.8838013410568237,1.9340361393000967,1.8335665428135506,1.9214773678779602,1485900
1991-06-03,1.9214774370193481,1.9591534651961982,1.8335666087916038,1.8586841525396927,1790400
1991-06-10,1.8838013410568237,1.9465946232769602,1.8335665428135506,1.9340361393000967,1712400
1991-06-17,1.8975896835327148,1.935290138916599,1.8598892281488308,1.8724558548556935,1796100
1991-06-24,1.7719223499298096,1.8724568554669996,1.7467887954534627,1.8724568554669996,3610500
1991-07-01,1.7593556642532349,1.8221899902981706,1.7593556642532349,1.7719225869885902,1907400
1991-07-08,1.746788740158081,1.8096227681758101,1.7342218195018182,1.7342218195018182,2239800
1991-07-15,1.4954512119293213,1.7593543838951797,1.4703176723812117,1.7467877579369406,5734200
1991-07-22,1.5205857753753662,1.5331524074183578,1.445184832590336,1.4828853039828511,1713900
1991-07-29,1.5457196235656738,1.6085536587276537,1.5205860670272469,1.5457196235656736,1119900
1991-08-05,1.4954512119293213,1.5457185786571714,1.482884585971082,1.5457185786571714,1948200
1991-08-12,1.4954512119293213,1.5331516650673012,1.4703176723812117,1.5205850391090618,1255500
1991-08-19,1.4828858375549316,1.5080193983162447,1.420051504203839,1.4577519891617452,1474500
1991-08-26,1.5205857753753662,1.5457193270931195,1.3446500504557821,1.4828853039828511,6389700
1991-09-02,1.394917368888855,1.5834197160359975,1.394917368888855,1.545719246606569,5520900
1991-09-09,1.394917368888855,1.4074842879092495,1.3572168994594265,1.4074842879092495,1828800
1991-09-16,1.358413577079773,1.3961472875542111,1.3332578660586023,1.3835692881009436,2418600
1991-09-23,1.34583580493927,1.3709918080946744,1.3332580912469807,1.3584138065169722,1168800
1991-09-30,1.295524001121521,1.3332577070970475,1.282946003167902,1.3332577070970475,2365200
1991-10-07,1.245212197303772,1.2955238971970064,1.2326342003591366,1.2955238971970064,3778800
1991-10-14,1.308101773262024,1.3332577703629673,1.182322939298682,1.2326343577298813,3951300
1991-10-21,1.2703678607940674,1.3081015624798842,1.2452121556319553,1.2955238538414768,1520700
1991-10-28,1.2829453945159912,1.2829453945159912,1.2452117064419914,1.2703674025295935,2652600
1991-11-04,1.295524001121521,1.30810171118981,1.2577902951459945,1.282946003167902,2355900
1991-11-11,1.308101773262024,1.3458354810280952,1.2829460640464243,1.295524062596896,2333700
1991-11-18,1.3206803798675537,1.3332583842090702,1.2829466547284807,1.2955246590699971,1954800
1991-11-25,1.308101773262024,1.3332577703629673,1.295524062596896,1.308101773262024,1899300
1991-12-02,1.3835698366165161,1.4087258454961384,1.295524669194274,1.3081023857486067,1596000
1991-12-09,1.308101773262024,1.3961471873446383,1.308101773262024,1.3961471873446383,1552800
1991-12-16,1.321833610534668,1.347011297546851,1.309244622960146,1.309244622960146,2945700
1991-12-23,1.4477221965789795,1.4477221965789795,1.3092442383498193,1.3218332222261364,2320800
1991-12-30,1.523255467414856,1.548433146102644,1.447722143214727,1.4603108384902383,2325600
1992-01-06,1.5610222816467285,1.611377643929763,1.460310980807073,1.523255615866056,2764800
1992-01-13,1.5861995220184326,1.6365551584455413,1.5232551925870819,1.5484328667322795,2853300
1992-01-20,1.4225443601608276,1.5862000131151328,1.4099556632590522,1.5862000131151328,3649200
1992-01-27,1.4099560976028442,1.4351337872993069,1.3721894189897046,1.4351337872993069,1932600
1992-02-03,1.498077630996704,1.535844296384325,1.397366619341978,1.397366619341978,1694400
1992-02-10,1.4099560976028442,1.4980781556089093,1.3973671086861672,1.4980781556089093,1684800
1992-02-17,1.384778618812561,1.4099566057194952,1.372189913496089,1.4099566057194952,1765200
1992-02-24,1.472900390625,1.4729003906249998,1.359600360576923,1.3847780489864256,3300900
1992-03-02,1.384778618812561,1.4854899901663077,1.372189913496089,1.4854899901663077,1684200
1992-03-09,1.3470109701156616,1.4099556045508395,1.3218332892236648,1.384777635522052,2334600
1992-03-16,1.3092440366744995,1.3847773520237348,1.3092440366744997,1.3344220005487324,1521600
1992-03-23,1.2726197242736816,1.3230206053721063,1.2726197242736816,1.310420312998599,1635000
1992-03-30,1.2852189540863037,1.297819236042468,1.2726186721301394,1.2726186721301394,3282000
1992-04-06,1.2978202104568481,1.3230205048944044,1.2852199190402784,1.2978202104568481,2706000
1992-04-13,1.3230208158493042,1.3356211102273716,1.2852202211107526,1.29782051548882,2094300
1992-04-20,1.3356208801269531,1.3482208839386445,1.3104202957123683,1.3356208801269531,1815600
1992-04-27,1.3104197978973389,1.3482203717635648,1.3104197978973389,1.3230200853179115,1937400
1992-05-04,1.2852189540863037,1.3482197870763926,1.2726186721301394,1.310419229603266,2731800
1992-05-11,1.3104197978973389,1.3104197978973389,1.2726192240311127,1.2726192240311127,1262100
1992-05-18,1.2978202104568481,1.3482207993319606,1.2978202104568481,1.3230205048944044,1689000
1992-05-25,1.3230208158493042,1.3230208158493042,1.2852202211107526,1.29782051548882,840300
1992-06-01,1.3230208158493042,1.3734217049659232,1.3104205214712368,1.3230208158493042,1139700
1992-06-08,1.3734204769134521,1.386020471629505,1.310419349751616,1.3356199159745075,1926300
1992-06-15,1.3104197978973389,1.37342094660471,1.297819798872258,1.3482203717635648,3166200
1992-06-22,1.2989637851715088,1.3115748906893923,1.2863523910039223,1.3115748906893923,1620600
1992-06-29,1.336798071861267,1.3367980718612669,1.2737413711429493,1.2989641668901915,2766900
1992-07-06,1.3241866827011108,1.3872430951845671,1.3115752847445037,1.336798080657718,1342800
1992-07-13,1.3115746974945068,1.3367974821143649,1.298963593834238,1.3115746974945068,1212600
1992-07-20,1.2863527536392212,1.3241866581580217,1.2737413559163595,1.3115752604351603,4299900
1992-07-27,1.2737410068511963,1.2863524011179406,1.248518506967413,1.2737410068511963,1759500
1992-08-03,1.2232967615127563,1.2863531944351043,1.2232967615127563,1.2737417923906815,2012100
1992-08-10,1.1854631900787354,1.2232971186062485,1.1728517843529085,1.2232971186062485,1103700
1992-08-17,1.1602389812469482,1.198072864207714,1.1476278793597727,1.198072864207714,3002700
1992-08-24,1.1728509664535522,1.1854623633846952,1.1350170643098891,1.160239569522409,881700
1992-08-31,1.2106847763061523,1.2359072795959491,1.172850877046585,1.172850877046585,860700
1992-09-07,1.2232967615127563,1.248519276951719,1.1980739574239108,1.2106853594683336,708600
1992-09-14,1.2989637851715088,1.2989637851715086,1.235907102983279,1.2485184971508656,1666500
1992-09-21,1.300224781036377,1.35071875093008,1.27497750715961,1.300224781036377,1406100
1992-09-28,1.2118602991104126,1.2876015678048134,1.1866133058556159,1.2876015678048134,2459100
1992-10-05,1.2118602991104126,1.2118602991104126,1.1866133058556159,1.199236658018009,575400
1992-10-12,1.1992367506027222,1.2118603926697094,1.186613397465768,1.2118603926697094,985500
1992-10-19,1.1992367506027222,1.2118603926697094,1.173989755398781,1.2118603926697094,978600
1992-10-26,1.2244839668273926,1.2371073192642617,1.1866133316567518,1.1992366840936208,900600
1992-11-02,1.2244839668273926,1.2371073192642617,1.1992366840936208,1.2118603254605067,1289100
1992-11-09,1.2244839668273926,1.2497309606311475,1.2118603254605067,1.2118603254605067,1437300
1992-11-16,1.2497307062149048,1.2497307062149048,1.2118600787538472,1.2244837175508525,3175200
1992-11-23,1.2244839668273926,1.2371073192642617,1.2118603254605067,1.2371073192642617,1290600
1992-11-30,1.2371071577072144,1.3002250673688949,1.2118601672005298,1.2118601672005298,1350300
1992-12-07,1.287601113319397,1.287601113319397,1.2371068557027844,1.2497304923394146,942900
1992-12-14,1.2382960319519043,1.2888388274709608,1.2130247787961983,1.2762030562892857,2370000
1992-12-21,1.2130248546600342,1.2509318813681602,1.2003890826881047,1.2256606266319636,1301700
1992-12-28,1.2382960319519043,1.2382960319519043,1.2003890076145232,1.2130247787961983,1553100
1993-01-04,1.2256605625152588,1.2509318159294667,1.2130247912043313,1.2509318159294667,987000
1993-01-11,1.2382960319519043,1.2382960319519043,1.2130247787961983,1.2256605499778734,887400
1993-01-18,1.2762025594711304,1.3014740919964214,1.225660072835611,1.238295549890725,2059800
1993-01-25,1.2256605625152588,1.2762030693436746,1.2130247912043313,1.2762030693436746,2465100
1993-02-01,1.2130248546600342,1.2256606266319636,1.2003890826881047,1.2256606266319636,1598100
1993-02-08,1.2509318590164185,1.2762031133010665,1.213024832985618,1.213024832985618,1600200
1993-02-15,1.2509318590164185,1.2509318590164185,1.1877535787009699,1.238296087270266,2169900
1993-02-22,1.4151954650878906,1.4657379640215853,1.2509316205343777,1.2509316205343777,2757300
1993-03-01,1.4151954650878906,1.4657379640215853,1.3899239264134413,1.4151954650878906,2506800
1993-03-08,1.3899240493774414,1.4531026124452529,1.3899240493774414,1.415195590287617,1279200
1993-03-15,1.4151954650878906,1.4657379640215853,1.3899239264134413,1.3899239264134413,1536300
1993-03-22,1.5302278995513916,1.5302278995513918,1.3911160881203906,1.4037626953747524,1424700
1993-03-29,1.5049346685409546,1.606106946555169,1.5049346685409546,1.5175812756566456,1289100
1993-04-05,1.479641318321228,1.5555203602864194,1.4290551938592426,1.5175808393038237,1193700
1993-04-12,1.365822434425354,1.479640970627467,1.3405295228656087,1.479640970627467,1663500
1993-04-19,1.3152365684509277,1.4290551259934763,1.3025902550276849,1.3531760876317773,3044400
1993-04-26,1.3025906085968018,1.3405301380757801,1.3025906085968018,1.315236925452702,3801600
1993-05-03,1.3152365684509277,1.3911156068126267,1.2899436521488816,1.3152365684509277,1620000
1993-05-10,1.2899436950683594,1.3278832155115463,1.2899436950683594,1.302590298367945,899400
1993-05-17,1.3405309915542603,1.3531773164617207,1.3025914379202324,1.3025914379202324,1196100
1993-05-24,1.42905592918396,1.4417025391706983,1.3025909871394683,1.3152373076704837,1343400
1993-05-31,1.4164096117019653,1.4417025422741656,1.365823461101841,1.4037630016880034,1341300
1993-06-07,1.391116738319397,1.4037633514847045,1.3531771882792698,1.4037633514847045,632400
1993-06-14,1.4164096117019653,1.51758162344649,1.3911163916740414,1.4037630016880034,2124600
1993-06-21,1.4682540893554688,1.4809115495952443,1.4176248278044943,1.4176248278044943,1122000
1993-06-28,1.4809110164642334,1.4809110164642334,1.4176243174568253,1.455596394802062,969300
1993-07-05,1.455596685409546,1.4682538539156347,1.4049671422731387,1.4682538539156347,803700
1993-07-12,1.5062259435653687,1.5062259435653689,1.4555966899742085,1.4555966899742085,898200
1993-07-19,1.4809110164642334,1.5315405494925356,1.4682535607811682,1.506225638126405,1391100
1993-07-26,1.4682540893554688,1.5062261803707315,1.4682540893554688,1.4809115495952443,1577400
1993-08-02,1.4429388046264648,1.4935683329357217,1.4429388046264648,1.4809108784324243,1108500
1993-08-09,1.5062259435653687,1.544198028610748,1.4682538585199896,1.4682538585199896,1168800
1993-08-16,1.5188839435577393,1.5568560421466826,1.4935693077331507,1.4935693077331507,976200
1993-08-23,1.5188839435577393,1.5315414063220942,1.5062264807933843,1.5188839435577393,954600
1993-08-30,1.569513201713562,1.5821703723286922,1.5188836501408454,1.5188836501408454,1007400
1993-09-06,1.5062259435653687,1.556855486860547,1.4935687750195876,1.556855486860547,697200
1993-09-13,1.4302815198898315,1.54419775482895,1.4302815198898315,1.5188831325215792,760200
1993-09-20,1.3934334516525269,1.4441038591456923,1.3934334516525269,1.4441038591456923,1020000
1993-09-27,1.456771969795227,1.456771969795227,1.3934338689750447,1.3934338689750447,2847000
1993-10-04,1.4187687635421753,1.4694388797822924,1.4187687635421753,1.4694388797822924,864000
1993-10-11,1.4821065664291382,1.4947742405659319,1.380766043148306,1.4187687756208478,1831800
1993-10-18,1.4187687635421753,1.520109285960246,1.4061010895132275,1.48210655381124,2735100
1993-10-25,1.4314361810684204,1.4441038553932566,1.3807660636447634,1.406101122356592,1086000
1993-11-01,1.3934334516525269,1.4567715335034448,1.3807660672326187,1.4314361847879398,1113900
1993-11-08,1.4314361810684204,1.4314361810684204,1.3680983893199272,1.3807660636447634,1149000
1993-11-15,1.4441038370132446,1.4567715111768513,1.4061011044602647,1.4567715111768513,1675500
1993-11-22,1.4694392681121826,1.4694392681121826,1.4187691384814298,1.4314365259201614,582000
1993-11-29,1.4821065664291382,1.4947742405659319,1.4441038339565961,1.4694388922923443,1450200
1993-12-06,1.456771969795227,1.4821070361605413,1.4441042916436044,1.4694393580089187,563700
1993-12-13,1.5074419975280762,1.5074419975280762,1.4314365137882081,1.4567718683267714,1465800
1993-12-20,1.5087010860443115,1.5213793439707615,1.4579886346986735,1.5087010860443115,961500
1993-12-27,1.5467357635498047,1.5847702519172597,1.4706667868148944,1.4960233058466095,725400
1994-01-03,1.4453107118606567,1.5213796966954283,1.432632450994812,1.5213796966954283,1620900
1994-01-10,1.5213792324066162,1.5340574894033578,1.4199540469728618,1.4326320137895436,1525200
1994-01-17,1.5340582132339478,1.5847706847889862,1.5087016872762318,1.5213799502550898,1185600
1994-01-24,1.6735178232192993,1.6735178232192993,1.5340581013444163,1.5340581013444163,1992600
1994-01-31,1.7622648477554321,1.8636900604404443,1.6608393448902818,1.6735176052934602,6016500
1994-02-07,1.8129775524139404,1.8636903106550904,1.7242305882171494,1.7369085601423042,3674700
1994-02-14,1.8002985715866089,1.8510110112279121,1.7369075867649584,1.8256547914072603,1488300
1994-02-21,1.7876213788986206,1.8256558763219954,1.7495868814752455,1.8002996414331411,549600
1994-02-28,1.7622648477554321,1.8383338298142258,1.7495865873522538,1.800299338784829,1242900
1994-03-07,1.7622648477554321,1.7876210783816506,1.7242303567260353,1.7749428179784723,1104000
1994-03-14,1.8763678073883057,1.8763678073883059,1.7369078516560295,1.7622643655237478,1900800
1994-03-21,1.9030293226242065,1.9410899090766909,1.8776556951156274,1.8903423636803018,2091600
1994-03-28,1.7634743452072144,1.9537773216547807,1.7127267880280974,1.9157167263652675,1333800
1994-04-04,1.8395957946777344,1.8776563953236232,1.7127270290649925,1.7381006660358056,1318800
1994-04-11,1.9157166481018066,1.9157166481018066,1.8269084992612878,1.8269084992612878,1459200
1994-04-18,1.7634743452072144,1.9157167263652675,1.7381004214280071,1.9030297644756637,1404300
1994-04-25,1.801533818244934,1.801533818244934,1.7507862926786024,1.7507862926786024,1724700
1994-05-02,1.7127267122268677,1.8015348607650596,1.712726712226868,1.8015348607650596,1547100
1994-05-09,1.6366052627563477,1.7127264377682707,1.623918303461281,1.6873528095573758,747300
1994-05-16,1.7761598825454712,1.776159882545471,1.5985439814046576,1.6239175986021703,1759800
1994-05-23,1.72541344165802,1.7888476590143843,1.7000395224120777,1.7507870705247166,269700
1994-05-30,1.7381001710891724,1.7761607608968129,1.661978991473891,1.7381001710891724,441600
1994-06-06,1.6746662855148315,1.7761611151165653,1.6746662855148315,1.738100517718501,1741500
1994-06-13,1.6112310886383057,1.6746652828627888,1.598544133641753,1.6619783278662363,1170000
1994-06-20,1.6251367330551147,1.6505296897540347,1.5743514008514963,1.6124405453027655,678900
1994-06-27,1.6759231090545654,1.7267087546795417,1.612441269971276,1.6251374634295892,1957200
1994-07-04,1.6759231090545654,1.7267087546795417,1.650530431540698,1.6886195931101198,561300
1994-07-11,1.6759231090545654,1.6886195931101198,1.6251374634295892,1.6886195931101198,1004700
1994-07-18,1.7267078161239624,1.7647969569899538,1.6505295343919801,1.6759221981036132,1477200
1994-07-25,1.6886188983917236,1.7394042325257533,1.6759224195596554,1.7267080442908067,609000
1994-08-01,1.6759231090545654,1.7013157865684332,1.6568785282698546,1.6886195931101198,815700
1994-08-08,1.6886188983917236,1.7013150866266702,1.6505297524926406,1.6632259407275871,1206900
1994-08-15,1.7394051551818848,1.86636913905842,1.6632268229754186,1.6759233085422547,1931100
1994-08-22,1.7774932384490967,1.8155823813486993,1.7140114304821248,1.7140114304821248,1154700
1994-08-29,1.8282792568206787,1.8282792568206787,1.7647974350467923,1.8028865862305565,1398900
1994-09-05,1.8282792568206787,1.8409757374143205,1.8155827762270367,1.8155827762270367,806400
1994-09-12,1.8282792568206787,1.8409757374143205,1.8155827762270367,1.8282792568206787,1612500
1994-09-19,1.8282792568206787,1.8409757374143205,1.8028865862305565,1.8282792568206787,1411500
1994-09-26,1.8294991254806519,1.8294991254806519,1.8040895123348832,1.8040895123348832,1063200
1994-10-03,1.8294991254806519,1.8422040774490633,1.765974947220703,1.8167941735122402,1075200
1994-10-10,1.8422049283981323,1.8549095954440138,1.829499970561062,1.829499970561062,834300
1994-10-17,1.880318522453308,1.9311377454986434,1.816794057460085,1.8294990086169367,1543500
1994-10-24,1.9565471410751343,1.969251798150499,1.8422034826510867,1.8803180354591027,1526700
1994-10-31,1.9438433647155762,1.981957940494313,1.9311384091922852,1.969252984971022,2802900
1994-11-07,1.9057272672653198,1.956546757989363,1.893022321886583,1.956546757989363,1022100
1994-11-14,1.918433666229248,1.9311383304433254,1.8676141369995654,1.880319092004767,2080200
1994-11-21,1.918433666229248,1.9565482404537289,1.880319092004767,1.9311383304433254,1696200
1994-11-28,1.880318522453308,1.9184330851328275,1.880318522453308,1.9184330851328275,2925300
1994-12-05,1.8294991254806519,1.8803186425632437,1.8167941735122402,1.8803186425632437,1372800
1994-12-12,1.7278605699539185,1.829499324377883,1.7278605699539182,1.8167943710282302,3791400
1994-12-19,1.8307194709777832,1.8307194709777832,1.6654460884083924,1.7162995040416718,3677400
1994-12-26,1.8307194709777832,1.8561460333019115,1.8180060443232076,1.8180060443232076,2117100
1995-01-02,1.9197131395339966,1.9197131395339968,1.8052931568661108,1.8180062942836115,1774200
1995-01-09,1.9197131395339966,1.995993127979254,1.8688597169088041,1.9324262769514975,2381700
1995-01-16,1.9324259757995605,1.9832793904996868,1.8942859875207205,1.9069994139420066,951900
1995-01-23,1.9959938526153564,1.9959938526153564,1.8815738284078232,1.919713836477001,1814400
1995-01-30,2.1739790439605713,2.186692468698024,1.9705657030862265,1.9832791278236792,10136700
1995-02-06,2.0976994037628174,2.1739793820814652,2.084985977048034,2.1739793820814652,3063900
1995-02-13,2.0214195251464844,2.097699507227484,2.0087060978046383,2.097699507227484,1307700
1995-02-20,2.0468454360961914,2.0595588593836656,2.008705457218716,2.034132303793664,1992300
1995-02-27,2.0849852561950684,2.1104121008336767,2.0214187265683954,2.0341321488876996,4036800
1995-03-06,2.12312650680542,2.1358399367573417,2.0341333700972632,2.07227336896793,2601600
1995-03-13,2.1612660884857178,2.1994060799942012,2.1231260969772343,2.135839524475076,2454600
1995-03-20,2.1612660884857178,2.1994060799942012,2.110412960464435,2.1485529519729183,1724700
1995-03-27,2.124325752258301,2.213369447782114,2.124325752258301,2.2006488366645804,1529100
1995-04-03,2.226088523864746,2.2388088350613247,2.1243242873965538,2.137044889742393,1903200
1995-04-10,2.2896928787231445,2.302413491765886,2.200649169722965,2.238810717701684,2092200
1995-04-17,2.2896928787231445,2.3405750397446052,2.2515313307444256,2.276972265680403,1809900
1995-04-24,2.2769722938537598,2.366016003955692,2.2388107454028616,2.3024135202540315,1284000
1995-05-01,2.2769722938537598,2.3024135202540315,2.2388107454028616,2.2642519718031333,1038900
1995-05-08,2.226088523864746,2.289690953295421,2.187927007976489,2.276970350949582,1212600
1995-05-15,2.0861642360687256,2.2260900866580275,2.073443915942036,2.2260900866580275,1490700
1995-05-22,2.0861642360687256,2.111605458621034,2.0480026933897277,2.0861642360687256,1453200
1995-05-29,2.1879289150238037,2.1879289150238037,2.073444267571678,2.073444267571678,1921800
1995-06-05,2.1752071380615234,2.2006480601703515,2.1370456093236023,2.1624865314324304,1172700
1995-06-12,2.2515316009521484,2.2515316009521484,2.098885390718104,2.1752084958351263,751800
1995-06-19,2.1879289150238037,2.2769723356091145,2.1879289150238037,2.238810786458406,1246800
1995-06-26,2.227283477783203,2.2654654785948836,2.2018286163717176,2.2018286163717176,1096500
1995-07-03,2.2527389526367188,2.303648404600454,2.227284372307684,2.227284372307684,1176300
1995-07-10,2.290921449661255,2.290921449661255,2.227284839828129,2.227284839828129,4176300
1995-07-17,2.150921106338501,2.329103814735466,2.138193665986657,2.2909217849857044,7135800
1995-07-24,2.1254656314849854,2.2145571064318403,2.100011049202607,2.1636476505613964,1699200
1995-07-31,2.265467643737793,2.278194795301526,2.100012051656828,2.1381940889596796,1660500
1995-08-07,2.316375494003296,2.316375494003296,2.240011463527301,2.265466334556405,1329300
1995-08-14,2.3291025161743164,2.3418299494301436,2.2909205077124426,2.3163750829184897,2272200
1995-08-21,2.316375494003296,2.329102929517848,2.2909209142798503,2.316375494003296,837000
1995-08-28,2.3418307304382324,2.3545578766329966,2.316375855437296,2.316375855437296,1263900
1995-09-04,2.3291025161743164,2.3672845246361907,2.3291025161743164,2.354557091380364,890700
1995-09-11,2.5200133323669434,2.5327407695313013,2.3163757942656957,2.3163757942656957,1283700
1995-09-18,2.5200133323669434,2.5454679153899633,2.4945587493439234,2.5200133323669434,1395300
1995-09-25,2.5072858333587646,2.59637730870038,2.4818312509635985,2.520013270209192,974400
1995-10-02,2.54546856880188,2.5836505987904372,2.507286538813323,2.520013979244766,1782900
1995-10-09,2.609105348587036,2.609105348587036,2.4563772363049807,2.5454684409323423,1020900
1995-10-16,2.736380100250244,2.9018357441688627,2.6091067969029234,2.6091067969029234,3534300
1995-10-23,2.710923910140991,2.736378497641338,2.6345598563342025,2.736378497641338,2137500
1995-10-30,2.8891069889068604,2.8891069889068604,2.698196829038438,2.723651711224752,2064000
1995-11-06,2.8891069889068604,2.9018344300000174,2.838197807145805,2.8763798391194895,1759200
1995-11-13,2.965471029281616,3.041835092621965,2.876379816255065,2.8891069659412674,2732700
1995-11-20,2.9018349647521973,3.0036536383433106,2.838198330170982,2.965471599333413,920400
1995-11-27,2.9527454376220703,2.978200041731471,2.9018359380973306,2.9018359380973306,1388400
1995-12-04,2.965471029281616,2.978198470273602,2.9145618479252393,2.965471029281616,1233900
1995-12-11,3.003652811050415,3.003652811050415,2.9145616054361767,2.952743633929639,4591200
1995-12-18,2.6228995323181152,3.0048752065112536,2.6228995323181152,3.0048752065112536,2096700
1995-12-25,2.737492561340332,2.8648178984111663,2.661097417382701,2.6738300385170883,1298400
1996-01-01,2.6228995323181152,2.839352608643768,2.5974345845133433,2.737492234576057,2197500
1996-01-08,2.521038293838501,2.7120260433717207,2.489206905108238,2.6356309435584326,2668800
1996-01-15,2.521038293838501,2.6483635573353737,2.444643194025213,2.521038293838501,4723200
1996-01-22,2.5592360496520996,2.6738287085917456,2.4573760055138143,2.5337711114735786,6891000
1996-01-29,2.6228995323181152,2.686562338966513,2.546504397479487,2.5719696367085714,4110900
1996-02-05,2.584700345993042,2.6356305011272148,2.5719680257775956,2.622897889487639,4105800
1996-02-12,2.6228995323181152,2.6228995323181152,2.5592370170940293,2.584701964898801,3171600
1996-02-19,2.7247586250305176,2.7502235608600527,2.597433363034494,2.597433363034494,6434400
1996-02-26,2.801154613494873,2.9284796245008216,2.7120268726512955,2.7374918165676316,5781300
1996-03-04,2.91574764251709,3.055805287729945,2.8266198911501994,2.8266198911501994,4096200
1996-03-11,2.953946113586426,2.979411068310867,2.8711845007393078,2.8775509579887113,2853900
1996-03-18,3.1958625316619873,3.1958625316619873,2.9412122201338144,2.953944837708716,3927000
1996-03-25,3.1476454734802246,3.2241064947657714,3.0839277612918363,3.185875984122998,8253600
1996-04-01,3.1349005699157715,3.2113615594259124,3.1221569744389055,3.160387469193976,2349300
1996-04-08,3.007467746734619,3.109416003692231,2.880032863051224,3.109416003692231,1770000
1996-04-15,2.9564943313598633,3.0584423111737244,2.94375072450471,3.0202117822840533,1821300
1996-04-22,2.9437501430511475,3.0074675813897818,2.9310065387131288,2.9564937473891666,2037300
1996-04-29,2.9182634353637695,3.020211402352965,2.905519830111713,2.956493959444187,2145000
1996-05-06,2.892775297164917,2.918262499495445,2.8163142735246494,2.918262499495445,4382100
1996-05-13,3.122157573699951,3.1221575736999507,2.8800312548949205,2.8927745611421853,3538200
1996-05-20,3.185875654220581,3.2113625614513377,3.1476451475366365,3.1476451475366365,1989300
1996-05-27,3.2368502616882324,3.2623374668387988,3.160389229587915,3.1858764347384807,2615100
1996-06-03,3.466233491897583,3.504464009424673,3.2113634722755506,3.2368503867350435,6785400
1996-06-10,3.555438280105591,3.6191557147818867,3.453490326288374,3.47897724182375,6595800
1996-06-17,3.555438280105591,3.6064124028520554,3.5426946765000458,3.5554382801055904,2698200
1996-06-24,3.532473564147949,3.634494361202795,3.506968145971148,3.5707313995290315,2001900
1996-07-01,3.519721031188965,3.5707315782110527,3.506968321462409,3.5452261587579414,1653300
1996-07-08,3.519721031188965,3.557978868484497,3.4814631938934326,3.4814631938934326,1879200
1996-07-15,3.5452258586883545,3.5452258586883545,3.468710190573612,3.5197207332781435,5863800
1996-07-22,3.5834834575653076,3.5834834575653076,3.5324732100926375,3.5452256260187593,3336600
1996-07-29,3.672752857208252,3.685505568590505,3.5452266190382415,3.583484461300827,4466400
1996-08-05,3.685506582260132,3.7110117201554527,3.660001152480558,3.685506582260132,2541900
1996-08-12,4.0680832862854,4.09358841274612,3.6982573472422864,3.6982573472422864,4905900
1996-08-19,4.1063408851623535,4.119093301715396,4.004319801433381,4.068083051735015,4953600
1996-08-26,4.11909294128418,4.246619138844473,4.068082695767326,4.106340525847006,2951100
1996-09-02,3.8895466327667236,4.131846362425916,3.8640415056020143,4.093588525736788,3432900
1996-09-09,4.1318464279174805,4.195609392781989,3.902299404144287,3.9150521138708427,4467600
1996-09-16,4.144598007202148,4.157350421566339,4.080834767844971,4.144598007202148,2468700
1996-09-23,4.657584190368652,4.721386909567869,4.134403586910794,4.147164189163592,5631300
1996-09-30,4.466177940368652,4.708627702628603,4.364093968289925,4.632064650553342,6019200
1996-10-07,4.466177940368652,4.4789385464028175,4.300291522248829,4.466177940368652,3025500
1996-10-14,4.568264484405518,4.606546029548399,4.453419848976873,4.453419848976873,4036200
1996-10-21,4.529984474182129,4.670350089911875,4.517223857455748,4.581026356957431,3372000
1996-10-28,4.3385748863220215,4.529982597599979,4.325814274881828,4.517221986159785,3411000
1996-11-04,4.7086310386657715,4.73415197675067,4.3002945689820296,4.351336445151827,2965800
1996-11-11,5.014883518218994,5.014883518218994,4.657588920838188,4.695870474412379,2625000
1996-11-18,4.772433280944824,5.014883202331118,4.759672958600585,5.002122295856765,2503200
1996-11-25,4.63206672668457,4.7469113562717915,4.568264252046669,4.7469113562717915,3110700
1996-12-02,4.4175872802734375,4.609101175484323,4.340981722189083,4.609101175484323,5262900
1996-12-09,4.455887794494629,4.532493313642234,4.366514591413469,4.46865518620132,2052600
1996-12-16,4.775078296661377,4.8006136700572455,4.404818304690567,4.455888759255375,2432700
1996-12-23,4.787843704223633,4.787843704223633,4.660167774702073,4.762308635210036,782400
1996-12-30,4.902751922607422,4.966589448630657,4.8006113549620295,4.8006113549620295,2257800
1997-01-06,5.119802951812744,5.132570930828821,4.889986635196593,4.889986635196593,1768500
1997-01-13,5.336850166320801,5.592201440641308,5.0814977230931415,5.1070336687602,2985600
1997-01-20,5.694343566894531,5.78371706795574,5.311315946500112,5.336851900464762,5952900
1997-01-27,5.8092546463012695,5.847557426758,5.617740744017623,5.668811507595961,3425700
1997-02-03,5.924161434173584,5.936929413947034,5.758183541657677,5.8092531229359,2069700
1997-02-10,6.026301383972168,6.051836168041153,5.783716844140596,5.9113931023005,2727300
1997-02-17,6.537003993988037,6.651912274168926,6.0263013057890715,6.039068113204189,4817400
1997-02-24,6.307185649871826,6.741283864089031,6.307185649871826,6.537002145238498,4370100
1997-03-03,6.422094821929932,6.498700331411829,6.256116997324028,6.3071865577070865,2373600
1997-03-10,6.40933084487915,6.56254193145867,6.30718934122092,6.396562864694915,1598700
1997-03-17,6.243353366851807,6.422099290377166,6.179515787501632,6.409332475852006,2417400
1997-03-24,6.207582473754883,6.526902949648412,6.130945653091242,6.2586740773256695,2442900
1997-03-31,5.849942684173584,6.194808323905354,5.59448704453761,6.182036302023741,6131400
1997-04-07,5.658350467681885,5.952125671023411,5.620032064583848,5.862715673999704,2670900
1997-04-14,5.990444183349609,6.105399394739784,5.530623337788912,5.63280535811855,3854100
1997-04-21,5.964898109436035,6.207581735816432,5.964898109436036,6.003216515212681,3296700
1997-04-28,6.041534423828125,6.245899627614552,5.875488792049946,5.939352406627335,4407300
1997-05-05,5.990444183349609,6.054307799882523,5.952125779552884,6.041534608821988,4850400
1997-05-12,5.862712383270264,6.169259435990278,5.824394001680263,6.02875909328834,4333900
1997-05-19,6.054307460784912,6.092625862435449,5.7860786492311505,5.901033854182763,4875800
1997-05-26,6.4758100509643555,6.590765258969641,5.901034010937933,5.97767081627479,5365200
1997-06-02,6.437491416931152,6.667401824678694,6.399173015639896,6.514128219513666,4954600
1997-06-09,7.165541172027588,7.203859574017041,6.437491534227993,6.437491534227993,5172500
1997-06-16,7.127225875854492,7.242181131916661,6.8589969450427635,7.165544294541882,5410100
1997-06-23,7.135109901428223,7.2118315132715365,6.732321439250823,7.135109901428223,4206400
1997-06-30,7.058383941650391,7.096744723941969,6.828219247900921,7.039203550504602,2907300
1997-07-07,7.557075500488281,7.6337970791734415,7.0967460283773205,7.0967460283773205,3573500
1997-07-14,8.285931587219238,8.285931587219238,7.307731330394745,7.518715699513754,4571500
1997-07-21,8.899703025817871,8.899703025817871,8.209208825538898,8.209208825538898,6039600
1997-07-28,9.455937385559082,9.705282590452121,8.631180169374415,9.033968577278555,4460900
1997-08-04,9.187411308288574,9.571019296108558,8.611999326558601,9.455936899762563,3506900
1997-08-11,8.055764198303223,9.168226873307,7.748877943129766,9.168226873307,6513000
1997-08-18,8.784624099731445,8.822984903660403,7.825604001507489,7.844784403471968,4032700
1997-08-25,8.439374923706055,8.822982874783603,8.209210153059527,8.784622079675849,2390400
1997-09-01,8.611993789672852,8.727076112029282,8.439370306138207,8.439370306138207,2154600
1997-09-08,8.70789909362793,8.957244221859566,8.401012781958222,8.611997121231147,2060800
1997-09-15,8.611993789672852,8.784617273207497,8.477731080257017,8.765436886148093,2959000
1997-09-22,8.197282791137695,8.696414764368562,8.101295873208683,8.581230462853746,2382800
1997-09-29,8.331665992736816,8.485245089377125,8.2740738314967,8.2740738314967,3589100
1997-10-06,8.27407455444336,8.46604844201745,8.082100666869268,8.389258886987815,2908800
1997-10-13,9.176348686218262,9.50270418342686,8.158887430214982,8.274071723347427,4723400
1997-10-20,9.176348686218262,9.50270418342686,8.945980099953369,9.233940832784485,2580500
1997-10-27,8.619623184204102,9.195544555086336,7.832530643998382,9.15714979702752,2964800
1997-11-03,8.830794334411621,9.157149777205094,8.677215302508811,8.907583850363027,1196600
1997-11-10,8.830794334411621,9.195544535180797,8.54283364959385,8.907583850363027,1265000
1997-11-17,9.25313949584961,9.406718574618896,8.792402259541744,8.907586568618711,1939600
1997-11-24,9.387518882751465,9.50270316352142,8.984373900056616,9.329926742366487,1530000
1997-12-01,10.520167350769043,10.520167350769043,9.387521595850478,9.42591636720365,4828900
1997-12-08,10.202154159545898,10.759333953570062,9.99081009974363,10.624842279150437,2663200
1997-12-15,10.413496017456055,10.490348386588572,10.106086540925988,10.451922202022313,1995700
1997-12-22,10.317437171936035,10.586420636381295,10.182945439713405,10.298224067332802,744400
1997-12-29,10.7593355178833,11.066745104108538,10.279008039406367,10.279008039406367,1751300
1998-01-05,10.816976547241211,11.508648226993756,10.644058627303075,10.778550342810513,3162000
1998-01-12,11.201234817504883,11.297300296214187,10.45192408357231,10.45192408357231,1518500
1998-01-19,9.952394485473633,11.52787006039417,9.606558383661808,11.52787006039417,4508700
1998-01-26,9.79867935180664,10.355859158085842,9.721826964733648,9.952384125952626,2593000
1998-02-02,10.067665100097656,10.317435417466491,9.875534086737014,9.875534086737014,2903100
1998-02-09,10.125300407409668,10.182939688666268,9.760251626117858,10.106087313657467,2082700
1998-02-16,10.509571075439453,10.528784185266582,9.990817110106976,10.163735098551134,2079300
1998-02-23,10.182947158813477,10.528783100056199,10.086881619579387,10.528783100056199,2546900
1998-03-02,10.182947158813477,10.221373374507111,9.798685001877118,10.125307835273023,2487200
1998-03-09,10.163727760314941,10.509563487509023,10.067662280538809,10.18294085627017,4094300
1998-03-16,10.682486534118652,10.913043797444953,10.14451958635728,10.182945796911664,3077300
1998-03-23,11.30562973022461,11.42099329890037,10.786493671183683,10.921084501305405,2571500
1998-03-30,11.151812553405762,11.632494128983595,10.940312660151514,11.32485792061378,2760600
1998-04-06,11.690174102783203,11.99781026338276,11.305628902033755,11.305628902033755,2238700
1998-04-13,12.343902587890625,12.747675102447795,11.497903033580364,11.670948396962007,3004600
1998-04-20,12.017038345336914,12.651537969970704,11.978583822631837,12.420810833740235,1967400
1998-04-27,11.709400177001953,12.113172596898572,11.44021856373754,11.843990983634159,2468400
1998-05-04,11.459449768066406,11.78631326816226,11.209495326816635,11.728631474027697,2318100
1998-05-11,11.267175674438477,11.670948181542927,11.151812100980063,11.536357345841445,1502100
1998-05-18,11.344087600708008,11.49790573766676,10.959542258311126,11.286405799348476,2183100
1998-05-25,11.555584907531738,11.670948483979641,11.151812389964073,11.363312280118564,1407600
1998-06-01,12.190084457397461,12.19008445739746,10.940312391575954,11.690175631068858,2494000
1998-06-08,11.959356307983398,12.286219744053684,11.843992742311533,12.113174395545887,1991000
1998-06-15,12.286225318908691,12.459270745935575,11.670952689479774,11.824770846837003,2001100
1998-06-22,12.298599243164062,12.702778561014524,11.971406462047021,12.298599243164062,2932600
1998-06-29,12.086880683898926,12.39482668858425,12.009894182727596,12.298593562120086,1973900
1998-07-06,12.298599243164062,12.356339145714129,12.029146364597088,12.144626169697219,3394100
1998-07-13,12.337090492248535,12.799009637044112,12.183117443983342,12.260103968115938,2351300
1998-07-20,10.604893684387207,12.414076998965061,10.43167400533188,12.414076998965061,11284100
1998-07-27,10.14297103881836,10.585643399146294,9.912011546473348,10.585643399146294,4821500
1998-08-03,8.9111909866333,10.181468751466557,8.622491494625741,10.162222118666053,7589300
1998-08-10,8.737972259521484,9.315371307507485,8.487766005394217,8.911191973917285,11005900
1998-08-17,8.314545631408691,8.930437900401927,8.16057256416038,8.73797156634154,4083900
1998-08-24,7.640913486480713,8.603245159841004,7.255980817136596,8.468518725570563,6244000
1998-08-31,7.69865608215332,7.852629203796386,7.063516955375671,7.81413592338562,4410800
1998-09-07,8.333789825439453,8.52625610316323,7.852624131130016,7.852624131130016,3231400
1998-09-14,8.468517303466797,8.526257194172253,8.237557740644975,8.410777412761341,2511800
1998-09-21,7.960516929626465,8.577312430227062,7.8834174920513895,8.403838695683143,2577800
1998-09-28,7.652120113372803,8.153266518782608,7.054599399230343,8.018342486556891,7115000
1998-10-05,9.46395492553711,9.54105435466572,7.536469197321812,7.632843483732576,32612900
1998-10-12,9.271207809448242,9.849453618769338,9.097734066651913,9.56033071410879,8637600
1998-10-19,11.121599197387695,11.217973540519305,9.136287728876546,9.2712118092608,13237400
1998-10-26,11.102317810058594,11.391440669695536,10.83246980773078,11.121592667367723,5726700
1998-11-02,11.39144515991211,12.046790566742924,11.198696510844222,11.256521105564588,5705100
1998-11-09,12.393736839294434,12.451561427969214,11.275794791582028,11.41071883182318,4184200
1998-11-16,11.988965034484863,12.702134980266116,11.584192903095502,12.335912575675742,5698100
1998-11-23,12.104607582092285,12.35518066898273,11.931133906552745,12.066057876416831,1553400
1998-11-30,12.046788215637207,12.123887660217285,11.275793769836426,12.066063076782227,4522100
1998-12-07,10.67039966583252,12.11756056083693,10.49674035843199,11.886014817636225,4215900
1998-12-14,10.207308769226074,11.075605356400315,10.18801328951109,10.30378616780099,6305200
1998-12-21,11.307147026062012,11.422919862506333,10.188009607100243,10.207305079840962,2287800
1998-12-28,11.037012100219727,11.577285419810902,10.80546639182351,11.345739711414684,1635100
1999-01-04,10.2844877243042,11.056306690480875,10.03364656029678,11.056306690480875,5738300
1999-01-11,11.114192008972168,11.210669370161163,10.20730481379562,10.226600286033419,4095500
1999-01-18,10.477445602416992,11.249264799648447,10.323081762970702,11.094900960202157,4836700
1999-01-25,10.92124080657959,11.210672983432406,10.380967409787667,10.458149323615084,4227900
1999-02-01,10.380970001220703,10.901948049609102,10.342379034673414,10.901948049609102,2532900
1999-02-08,10.014352798461914,10.34237591517454,9.802102546471392,10.265194005359804,3047400
1999-02-15,10.110831260681152,10.41955893276302,9.724921670578818,10.188013178701619,2081200
1999-02-22,9.570555686950684,10.168715417385101,9.49337378624947,9.879283289755545,4419100
1999-03-01,10.72828197479248,10.805463859503217,9.30041710764384,9.30041710764384,5053400
1999-03-08,10.593220710754395,10.766880066668401,10.400265870849942,10.535334258783058,3030000
1999-03-15,10.80547046661377,11.133493677207401,10.55462918792452,10.55462918792452,3168600
1999-03-22,10.044852256774902,10.60504594032581,9.967584162492019,10.547094869613648,2458800
1999-03-29,9.484654426574707,10.334603092092605,9.194899199693607,9.619873532452555,3149500
1999-04-05,9.252853393554688,9.677827870920456,8.943781046379584,9.31080445865002,3344500
1999-04-12,9.426701545715332,9.851675795727088,8.963093272975234,9.252848443437795,3118400
1999-04-19,10.160752296447754,10.276654413897727,9.117633239397984,9.426705552597916,3805800
1999-04-26,10.662994384765625,11.35840706203295,10.10280083918917,10.141434876815133,4400200
1999-05-03,10.122117042541504,10.87548071555509,10.102800025284745,10.605042473960468,1872800
1999-05-10,10.295967102050781,10.508454227984286,10.064162964668775,10.315284113499281,1527500
1999-05-17,10.894794464111328,10.9527454984949,10.044845959818955,10.23801607443086,3779900
1999-05-24,11.203873634338379,11.474311963443098,10.836850187696259,10.972069352248619,4226600
1999-05-31,11.435675621032715,11.435675621032715,10.701628875088048,11.165237346210995,2157600
1999-06-07,10.778894424438477,11.590209058535997,10.469822182877516,11.281136816975037,2523600
1999-06-14,9.928943634033203,10.991379236896679,9.890309612110896,10.8561601601686,3925300
1999-06-21,9.863222122192383,10.520770263671874,9.727844563652488,10.095297936832203,4283700
1999-06-28,9.959911346435547,10.520760723225122,9.205665632821981,9.94057171275315,5724900
1999-07-05,9.592462539672852,9.959915741797417,9.379726475284945,9.959915741797417,2896000
1999-07-12,9.28303050994873,9.689163094758987,9.166992628574372,9.669823447863262,3478300
1999-07-19,8.451424598693848,9.321708596271018,8.374066021131434,9.244350018708603,3272500
1999-07-26,9.03161334991455,9.128311565652394,8.141989765126393,8.238687980864237,9055100
1999-08-02,8.451424598693848,8.934915708458941,8.180669577225395,8.934915708458941,4666500
1999-08-09,8.954252243041992,9.03161079373782,8.451421663519115,8.451421663519115,4105500
1999-08-16,8.470765113830566,8.934916626917172,8.316047942801697,8.915576980538564,3128000
1999-08-23,8.760859489440918,9.070293820193799,8.490104450032149,8.509444095704204,3514100
1999-08-30,8.374064445495605,8.857555464288655,8.354724804743885,8.760857260530045,2779700
1999-09-06,7.909912586212158,8.39340357558943,7.890572946637068,8.37406393601434,1822200
1999-09-13,7.697178840637207,8.083971747201891,7.561801323339568,7.871235648591315,3210200
1999-09-20,7.535329818725586,8.0002344862048,7.399732624044149,7.787153180276827,3017800
1999-09-27,6.896084308624268,7.709667288855221,6.799229191930107,7.709667288855221,3220500
1999-10-04,7.535329818725586,7.709669069030292,6.624891511578793,6.973570012188203,3136700
1999-10-11,6.83797025680542,7.535326996876228,6.8185992362478975,7.535326996876228,2232900
1999-10-18,7.341618537902832,7.360989563068802,6.779858808089687,6.89608495908551,2883300
1999-10-25,7.922746181488037,8.135827374633191,7.147905479142018,7.322244637169873,3083600
1999-11-01,7.128538608551025,7.942121819309566,7.089796550895857,7.922750790481982,3397600
1999-11-08,6.741117000579834,7.3803608540830945,5.9081628884392225,7.128537517854538,11103100
1999-11-15,6.799230575561523,7.167280093896762,6.721746466438315,6.85734365740393,4990600
1999-11-22,6.818599700927734,7.167278094725175,6.799228679050099,6.818599700927734,4150000
1999-11-29,6.256841659545898,6.857343490647827,6.140615498687461,6.837972463838087,7164600
1999-12-06,5.7058539390563965,6.288083932837662,5.22066227757201,6.288083932837662,9562500
1999-12-13,5.569999694824219,6.055191305871625,5.414738379289049,6.055191305871625,8703500
1999-12-20,5.783481597900391,5.822296910637977,5.531182065106079,5.531182065106079,6554400
1999-12-27,6.249269485473633,6.423938508359542,5.647631739977724,5.764077755234997,4871500
2000-01-03,6.462752342224121,6.55979066568094,5.822299407409118,6.094006713088211,9764300
2000-01-10,6.618012428283691,6.7150507336837455,6.34630517316354,6.676235411523724,3850200
2000-01-17,7.3166890144348145,7.45254265661265,6.598605477209117,6.637420803545641,4312900
2000-01-24,6.986757755279541,8.131809720728132,6.928534773985544,7.336095643043517,7983700
2000-01-31,9.06338119506836,9.393311559771062,7.258468023459457,7.297283360483305,10098000
2000-02-07,8.791672706604004,9.141010694945885,8.558780714376084,9.121603028926891,5946700
2000-02-14,8.228850364685059,8.811080343318435,8.0347737051406,8.791672677363989,5146800
2000-02-21,7.433138847351074,8.461745528577202,7.2778774615056205,8.267668796270385,4509800
2000-02-28,7.083797931671143,7.452543577429367,6.870313610442698,7.3943205807306995,4946100
2000-03-06,6.520977973937988,7.044985132558005,6.365716593606131,7.044985132558005,3650400
2000-03-13,6.909128665924072,7.180835973010974,6.152229739039131,6.38512171654219,4254000
2000-03-20,6.823958873748779,7.07669809129503,6.571219656202528,6.9211662651127215,2411600
2000-03-27,6.707312107086182,6.843402497664742,6.454572810297426,6.454572810297426,2850500
2000-04-03,6.2407145500183105,7.037815162325946,6.124065679924511,6.629544116997645,6239900
2000-04-10,6.396247386932373,6.804518496736567,6.143508128482158,6.221274054159148,3288700
2000-04-17,6.687869548797607,6.998933248741682,6.2990399238675145,6.57122066131858,2899400
2000-04-24,6.629545211791992,7.426645955731792,6.57122076711347,6.6878696564705145,5024300
2000-05-01,6.318481922149658,6.610104164710412,6.279598956474891,6.376806370661809,3153200
2000-05-08,6.687869548797607,6.882284361262655,6.2990399238675145,6.396247330100038,4015000
2000-05-15,4.549307346343994,7.1350247696933575,4.510424377571823,6.843402503902076,36395900
2000-05-22,5.288080215454102,5.346404629595139,4.354889589197495,4.568745774381301,13952700
2000-05-29,5.657469749450684,5.6963527030551555,5.171432829394783,5.288081690208199,6204000
2000-06-05,5.424173831939697,5.910210913654724,5.365849382133893,5.65747163116291,4284200
2000-06-12,5.385288238525391,5.463054133666551,5.132549079316618,5.424171186095971,3422400
2000-06-19,5.105462551116943,5.456219520277649,5.085976052830238,5.241868039123884,3248800
2000-06-26,5.085977554321289,5.31981560279583,5.0275180422026535,5.124950562400379,3621000
2000-07-03,5.475708961486816,5.5731415052855136,5.144438312571244,5.163924821330983,2649100
2000-07-10,5.612111568450928,5.748517057961887,5.3587870879305735,5.475706078939967,3624600
2000-07-17,5.768005847930908,6.079789947819065,5.378275723070711,5.57314078550081,5008300
2000-07-24,5.884923934936523,6.021329456607237,5.729031910169993,5.826464425649074,3104300
2000-07-31,6.2551655769348145,6.411057553930075,5.923895125819886,5.962868120068701,2687100
2000-08-07,6.39157247543335,6.547464487029285,6.157734458039447,6.255166965286906,2447800
2000-08-14,6.23568058013916,6.527978107333183,6.157734572887421,6.469518601894379,3016200
2000-08-21,5.94338321685791,6.313626761514633,5.8849237098068485,6.235680752113217,2682900
2000-08-28,5.884923934936523,6.43054602161938,5.768004916361625,5.962869947319788,4009900
2000-09-04,5.651085376739502,6.040815402721536,5.456220363748484,5.806977387132315,3017200
2000-09-11,5.261356353759766,5.729032474093967,5.222383343731916,5.651086454038267,3207600
2000-09-18,5.078482627868652,5.351939384753888,4.98081950040964,5.312874133770283,4445300
2000-09-25,4.980822563171387,5.156616300695083,4.980822563171387,5.156616300695083,2145200
2000-10-02,5.019885540008545,5.234744454172335,4.961287654327512,5.000352911448201,2784000
2000-10-09,4.765960216522217,5.156612693286332,4.707362345007599,5.058949574095304,3075000
2000-10-16,5.273810863494873,5.508202457427979,4.726897144317627,4.84409294128418,8894300
2000-10-23,5.644930839538574,5.703528737526863,5.215212920957782,5.312876084271599,2499300
2000-10-30,5.976983070373535,6.016048319199506,5.5667979577008415,5.703526328591739,3977200
2000-11-06,6.23090934753418,6.23090934753418,5.644930412029398,5.957452510965282,2880700
2000-11-13,6.055116653442383,6.250442997101815,5.918388212880781,6.250442997101815,2528800
2000-11-20,6.484833717346191,6.85595371924251,5.976985293698599,6.09418108377112,4245300
2000-11-27,6.680159568786621,6.875485871967516,6.32857222306101,6.4262353746514576,3233100
2000-12-04,6.242456436157227,7.240466712784245,6.164181120343343,6.653401844180117,6248100
2000-12-11,5.537977695465088,6.20331777195206,5.518408869686059,6.20331777195206,3584600
2000-12-18,5.890218257904053,6.007631246433702,5.518410460893498,5.6162546180015385,2547700
2000-12-25,5.9489240646362305,5.988061722956205,5.8315110896763045,5.87064874799628,1644600
2001-01-01,5.674960136413574,5.948923729205953,5.606469238215479,5.890217245036158,1671100
2001-01-08,5.518408298492432,5.772803007288181,5.381426532217796,5.55754594599947,2516600
2001-01-15,5.400997638702393,5.5966859589452325,5.2835846465566885,5.459704134775245,2396700
2001-01-22,6.105473041534424,6.183748336938711,5.459701854449052,5.479270678300124,3799300
2001-01-29,6.4373650550842285,6.4968544923488505,6.042857192560299,6.136787977271845,3192600
2001-02-05,6.76611852645874,6.9508483205488965,6.434230755643014,6.440492924268202,2833400
2001-02-12,6.881966590881348,6.900753099297887,6.262026145775934,6.747332933196229,3480800
2001-02-19,6.809952259063721,7.201328825676578,6.716022121953934,6.878834319798014,4643500
2001-02-26,7.242029666900635,7.483117706718219,6.747329851234894,6.88822561403558,4278000
2001-03-05,7.3265700340271,7.436155604479139,7.013468745417452,7.201329638021903,2742700
2001-03-12,6.869441986083984,7.354748712532485,6.57512662699486,7.326569550641331,2984000
2001-03-19,6.677924156188965,6.997861810777159,6.376805624598242,6.8849428849152705,2719700
2001-03-26,5.576961040496826,6.837893235812066,5.542457716837097,6.677924694750887,5695100
2001-04-02,5.08137321472168,5.624013518511726,5.018639975717805,5.576963888393072,8620200
2001-04-09,5.285253524780273,5.285253524780273,4.980998497226105,5.081371465601156,8124200
2001-04-16,5.627147674560547,5.881216039972242,5.300935937708001,5.300935937708001,4462600
2001-04-23,5.843576431274414,5.8812164799843565,5.6146012132380765,5.755750648065012,3268000
2001-04-30,5.598917484283447,5.874942278797497,5.410718461617041,5.843575675308396,2684200
2001-05-07,5.451496124267578,5.740067878722203,5.363670328304235,5.583235416480958,2984400
2001-05-14,5.633425712585449,5.755755525861688,5.416997193459766,5.4514999525597645,1928700
2001-05-21,5.322892189025879,5.6302841909291885,5.253886138700105,5.614600589763186,2930600
2001-05-28,5.338576793670654,5.379352967830431,5.191153906340587,5.244476963791571,3135600
2001-06-04,5.363669395446777,5.379352399635945,5.222519964671234,5.332302788800184,3378100
2001-06-11,5.087642669677734,5.363668019433383,5.08136982857228,5.363668019433383,4966000
2001-06-18,5.0466389656066895,5.109525675349995,4.968031178159668,5.103236884429243,2751800
2001-06-25,5.140968322753906,5.298184475744962,5.015195220441454,5.0875148067476665,3687400
2001-07-02,5.23529577255249,5.3139038189864065,5.1158118058549285,5.156687726118573,2422900
2001-07-09,5.581173419952393,5.848440999445814,5.251019739228301,5.251019739228301,7002600
2001-07-16,4.826536178588867,5.612616969898714,4.707051862325848,5.5811736182999105,6957800
2001-07-23,4.556122303009033,4.842255544280243,4.534112145946909,4.779369167055675,3235600
2001-07-30,4.527825355529785,4.70705198450962,4.405196940816565,4.574990384152281,4032700
2001-08-06,4.7164835929870605,4.810813324819992,4.490092296561215,4.527824129321197,5521800
2001-08-13,4.823391437530518,4.848545997059109,4.68504106025726,4.716484409601001,2312100
2001-08-20,4.842256546020508,4.8674111021141755,4.641020097271165,4.823390778883238,2574100
2001-08-27,4.769937038421631,4.905142995697515,4.685040190867206,4.842256308679743,1929100
2001-09-03,4.735351085662842,4.952309264350471,4.716485013667116,4.76364974385737,2602400
2001-09-10,4.889425277709961,4.908291059178091,4.7101985545655864,4.71648734829909,713200
2001-09-17,4.590712070465088,4.80452584781322,4.2322591115824055,4.559268717980876,4883100
2001-09-24,4.823391437530518,4.85797888191583,4.5278249132705595,4.593855706999614,2886400
2001-10-01,4.829679012298584,4.842256289679598,4.637875457271633,4.795091574467282,3187800
2001-10-08,5.015193462371826,5.251017909056467,4.795090985314193,4.87369903425377,3499100
2001-10-15,5.521430492401123,5.697512995380264,4.936586578245445,5.015194645733002,8853900
2001-10-22,5.967925548553467,6.046533631963492,5.571740736199086,5.659782005521865,5741400
2001-10-29,5.964778423309326,5.9993661560940055,5.738387462605861,5.942768265985187,4599000
2001-11-05,6.024519920349121,6.121993718508871,5.942767489729686,5.967922037633225,3554700
2001-11-12,5.895605564117432,6.065399292235378,5.832718864874041,5.945914683619339,5641300
2001-11-19,5.6251935958862305,5.927048912570155,5.540297331576012,5.927048912570155,3180000
2001-11-26,5.486844539642334,5.637771917992005,5.335916561560572,5.628338731945616,4083700
2001-12-03,6.139584064483643,6.341295658766411,5.279159933095927,5.420988350861453,12153400
2001-12-10,5.9883036613464355,6.17740810772351,5.9883036613464355,6.161649053189984,2890800
2001-12-17,6.073400497436523,6.136434909485156,5.950482281820778,5.988303409967108,3344700
2001-12-24,6.019819736480713,6.136433706541027,5.975694995435497,6.067095686536146,1456800
2001-12-31,6.2309889793396,6.256202870660713,5.821262493938256,6.016670602536833,3673900
2002-01-07,6.0418829917907715,6.177407849379017,5.9883034109104525,6.177407849379017,4385800
2002-01-14,6.309780597686768,6.3349944815466515,6.019820632724892,6.04188270595899,6057100
2002-01-21,5.247642993927002,6.5146416558542395,5.039628360016111,6.309778831686997,16505000
2002-01-28,5.0963616371154785,5.34534868842315,5.023871488794762,5.247644954452783,8254600
2002-02-04,5.184608459472656,5.345346543941013,5.077449335729602,5.099511402180309,7061300
2002-02-11,5.361105442047119,5.40522957371251,5.156242629269822,5.200366760935212,4343400
2002-02-18,5.594335079193115,5.613245339308852,5.3232854125667926,5.3579547237342515,4265000
2002-02-25,5.484025478363037,5.663674496616245,5.373714498391942,5.594336458334133,3700000
2002-03-04,5.4745707511901855,5.547060601845237,5.27601086321758,5.484025583186459,6692600
2002-03-11,5.63530969619751,5.647916942154358,5.361108709248387,5.47457151827372,4209800
2002-03-18,5.830716609954834,5.877992570346799,5.436749271444372,5.622701903313026,4498400
2002-03-25,5.932237148284912,6.004889532664914,5.755343600454009,5.881696306760184,4240100
2002-04-01,6.017523765563965,6.0491119385907055,5.780613371604844,5.86906013558086,3884700
2002-04-08,5.932237148284912,6.093336306580366,5.824837709421277,5.938554301604737,3041600
2002-04-15,6.301817417144775,6.301817417144775,5.859584150858272,5.985936856936904,5396600
2002-04-22,6.134400367736816,6.358675271329558,6.064906862925193,6.311293308844618,5121300
2002-04-29,6.475550174713135,6.548202544269837,6.0269998458283585,6.112287724435391,6795900
2002-05-06,6.472393989562988,6.6050638773026975,6.364994527940628,6.459759077751555,4092600
2002-05-13,7.085203170776367,7.08836204961801,6.4186947975529725,6.472394532871841,6320900
2002-05-20,7.123106002807617,7.233664313343371,6.965165731326345,7.082041797319988,7227300
2002-05-27,6.870400428771973,7.091517005408291,6.69666640605358,7.028340668513857,5938800
2002-06-03,6.665080547332764,6.971484501715765,6.5071402528580276,6.886196598100749,5631700
2002-06-10,7.249459266662598,7.258935298093214,6.60190374165343,6.6492857062896205,7695400
2002-06-17,7.524273872375488,7.574814707257556,7.202075598131603,7.258934187997498,6971900
2002-06-24,6.9866042137146,7.584642155076124,6.986604213714599,7.527686649230725,7796400
2002-07-01,6.746127128601074,7.122670046085485,6.613229663814105,7.024579246977573,4771700
2002-07-08,6.173398971557617,6.8980057043156435,6.138592326409055,6.708152812484715,7599900
2002-07-15,5.474106311798096,6.2651621720884405,5.410822205091503,6.170235710264689,7417700
2002-07-22,5.730409622192383,5.837993282063872,5.33804593470193,5.489928535628336,8359600
2002-07-29,5.910768985748291,6.094293905703899,5.815841928409247,5.901276098956084,6112900
2002-08-05,6.407552242279053,6.511971588012122,5.901276388850229,5.980381972088241,5346100
2002-08-12,6.761944770812988,6.818900277464511,6.318953070987361,6.407551531658014,5453300
2002-08-19,6.638540267944336,6.844214659551197,6.594241335344373,6.841050967389221,5148200
2002-08-26,6.394892692565918,6.723972086739538,6.32844431693133,6.638537943614369,3327300
2002-09-02,6.417045593261719,6.4550159379843555,6.138593582166223,6.318954228418119,6760600
2002-09-09,6.676513195037842,6.834724405330076,6.350597884565807,6.391733137217396,5027200
2002-09-16,6.774600505828857,6.929647340061992,6.518298645445722,6.723972992753858,4611100
2002-09-23,6.733481407165527,6.879310416538595,6.444994254665415,6.787374644702117,4549400
2002-09-30,7.196324348449707,7.370684382293822,6.6320308748354995,6.673243037587056,7603900
2002-10-07,7.1043925285339355,7.351667454378953,7.0378188588826704,7.259731695719036,6810700
2002-10-14,7.567239761352539,7.602111421586955,6.793713644474731,7.110732475446651,11591000
2002-10-21,7.665515422821045,7.766961351895248,7.19315743765339,7.5704094108149045,7951000
2002-10-28,7.754282474517822,7.763793259774819,7.2121804128466405,7.608454061904148,4959400
2002-11-04,7.326305389404297,7.763791110818302,7.164625712780629,7.760620849943474,5559000
2002-11-11,7.443602085113525,7.507006093847105,6.926861651196976,7.180476476800416,5356600
2002-11-18,6.673243045806885,7.47847079213591,6.616180190695631,7.437258024668438,6335800
2002-11-25,6.749330997467041,6.911010064266412,6.356227126847513,6.673245948229741,6044400
2002-12-02,6.926860809326172,7.002945247760119,6.723968368836945,6.815904109860486,7181700
2002-12-09,6.809678554534912,7.000248033482304,6.736626506972568,6.908139219766323,4792900
2002-12-16,6.68580436706543,6.952601369063421,6.619105419467601,6.812851020057494,6150400
2002-12-23,6.816028594970703,6.965308273286325,6.685806283548678,6.708039878257876,2402300
2002-12-30,7.0224785804748535,7.178110095722477,6.796971270680998,6.816028030192033,2975500
2003-01-06,7.197168827056885,7.2988057133660265,6.997071282861217,7.044713497593174,4228100
2003-01-13,7.31151008605957,7.336919305756765,7.11776440724123,7.276572181799586,3181900
2003-01-20,7.035184860229492,7.400442650066451,6.993895102061613,7.390914570537358,3202500
2003-01-27,6.997072696685791,7.114590143049885,6.812855651576773,7.019305694332849,4769200
2003-02-03,6.654043674468994,7.146347361495085,6.577815436172746,7.054238593605752,4902400
2003-02-10,6.663573741912842,6.717568406795221,6.441243232129293,6.654045663630015,5604700
2003-02-17,6.669929027557373,6.774742173758265,6.5492353402790595,6.701690715516028,3564500
2003-02-24,6.409481048583984,6.650868907368518,6.3173722604752065,6.612754779853695,4585800
2003-03-03,5.828245162963867,6.463476230190369,5.637675721635206,6.415834021309092,10053900
2003-03-10,6.047398090362549,6.180795989664346,5.736134507914949,5.812362138574557,5619600
2003-03-17,6.431713581085205,6.431713581085205,6.01246123717265,6.047399134433183,4923200
2003-03-24,6.037563800811768,6.333554121344905,5.999371853868812,6.285813884141184,4653800
2003-03-31,6.324007511138916,6.378113284363361,5.868882584671551,5.957997547358763,7977500
2003-04-07,6.222162246704102,6.4608641324914755,6.206249030471724,6.359018091683575,4600400
2003-04-14,6.317640781402588,6.495871279922071,6.228525228617827,6.241256282037096,4399400
2003-04-21,6.110767364501953,6.409939901091504,6.0502960615529275,6.333555384916502,4207000
2003-04-28,6.133045196533203,6.320823998599871,6.0821221932998775,6.168054381849812,3689000
2003-05-05,6.292176723480225,6.327185892049882,5.967542277872036,6.1330422627369705,8139800
2003-05-12,6.129859924316406,6.301724838130972,6.078936941923214,6.212609922467802,5340400
2003-05-19,5.9452667236328125,6.139411063615184,5.932535668594571,6.0502954994978415,5963800
2003-05-26,5.967543125152588,6.113946558439056,5.856148865406431,5.919802901561343,8110100
2003-06-02,6.133045196533203,6.257169941033173,5.919804892849871,6.012102608566493,7707700
2003-06-09,6.304908275604248,6.400389333103924,5.922985866755245,6.12667781814138,5910200
2003-06-16,6.171237468719482,6.36538180812328,6.139411045318958,6.285814535521738,4904300
2003-06-23,5.95754861831665,6.174418790285138,5.916087822220463,6.174418790285138,3696300
2003-06-30,5.785329341888428,6.014956923392442,5.756625894200426,5.922467901219032,6316000
2003-07-07,6.1361494064331055,6.148906765944011,5.708787595687897,5.801276627228813,12060000
2003-07-14,5.574840068817139,6.250965122249049,5.428134039360957,6.187179521778363,14289800
2003-07-21,5.692839622497559,5.721543063603086,5.466401432476635,5.549322416969918,6081100
2003-07-28,5.549325466156006,5.77257444002217,5.4217548846487045,5.740681642569216,6974500
2003-08-04,5.571646690368652,5.67689242906386,5.373912567149357,5.536565183006336,6215200
2003-08-11,5.829980850219727,5.87781973811488,5.501486098945271,5.568460420337594,9813000
2003-08-18,5.833169937133789,5.91609034812104,5.753438258003832,5.836358668991083,5965400
2003-08-25,5.896956920623779,5.900146261869995,5.7470615318794565,5.852307359786033,5332600
2003-09-01,6.037281513214111,6.091499067430093,5.8395467248075,5.884196868946975,7668100
2003-09-08,5.967119216918945,6.171232751127166,5.865062753967087,6.0277154699108,7495900
2003-09-15,6.07236385345459,6.091499282587788,5.874629058063792,5.963928741192592,8208800
2003-09-22,6.056743144989014,6.26769034238042,5.992819493212959,6.040761927234438,5504400
2003-09-29,6.290060520172119,6.353983532678402,5.922501216993253,6.047151609558221,5672700
2003-10-06,6.277275562286377,6.37635723770947,6.235725634569575,6.290060530581296,3141000
2003-10-13,6.379552364349365,6.711954198212138,6.19417460611691,6.290060031863844,10567300
2003-10-20,6.453063488006592,6.600086926243737,6.328412519043926,6.37635552767147,5396000
2003-10-27,6.443480491638184,6.459461102304596,6.3443993643397425,6.449872979753237,5025100
2003-11-03,6.488224029541016,6.638444390560162,6.350789249132116,6.440281607573169,5260900
2003-11-10,6.456264972686768,6.548953604761139,6.414714412746981,6.488226191568236,5269500
2003-11-17,6.539363861083984,6.5681294413215685,6.427498393072357,6.456263973309941,4666700
2003-11-24,6.600090026855469,6.644836815287756,6.536167001356573,6.539362634453698,2078000
2003-12-01,6.737526893615723,6.772684961606243,6.5745221369611775,6.6480339067403555,4403800
2003-12-08,7.0002617835998535,7.045094004538547,6.740873791843466,6.750480958098843,5333300
2003-12-15,6.974645614624023,7.112344712197486,6.840148296078875,7.0130730708978355,7828700
2003-12-22,6.904191970825195,7.275660515864469,6.843348416767405,6.9362152476306225,2354400
2003-12-29,6.958632469177246,7.025881422284986,6.894586516133966,6.997060529637855,3026200
2004-01-05,6.788909912109375,7.157176116269628,6.75688663114038,6.958632262896477,6813400
2004-01-12,6.782502174377441,6.881773752352644,6.692837148946056,6.804918278037034,4267600
2004-01-19,6.917001724243164,7.035487057790224,6.795313391051178,6.798515779902885,3613400
2004-01-26,7.3333024978637695,7.3813371090240505,6.811325331213811,6.888180831228904,7504700
2004-02-02,7.451786994934082,7.5254400917953514,7.182792491725609,7.304480190418441,8409200
2004-02-09,7.573479175567627,7.666346656754436,7.4101609440550575,7.445386624614669,5723700
2004-02-16,7.493419647216797,7.7944375354702515,7.336506229614818,7.576679940171723,6812100
2004-02-23,7.464600563049316,7.63432357954835,6.965039294983051,7.538254316348734,7413900
2004-03-01,7.6887593269348145,7.75921004564988,7.451788061300662,7.503025058692199,6848100
2004-03-08,7.445384979248047,7.781627927541918,7.288471562658018,7.688761077671354,5709500
2004-03-15,7.567073345184326,7.653536034126071,7.25004409652464,7.445385591364868,5595500
2004-03-22,7.490495681762695,7.577109695891693,7.269148960720491,7.554653734854179,4475000
2004-03-29,7.798455715179443,7.8594063849968006,7.570693619757147,7.699010336323397,5084600
2004-04-05,7.901111602783203,8.003765620565899,7.71505215158732,7.798458196863069,4424900
2004-04-12,7.849785327911377,7.93639937332845,7.69901320622664,7.93639937332845,3635300
2004-04-19,7.968479156494141,8.000558502326994,7.682974263493276,7.827330401947167,4275700
2004-04-26,8.66139030456543,8.706301021459728,7.804875016639454,7.933191787667898,13277300
2004-05-03,8.561944961547852,8.642143020654505,8.327766163940822,8.555528969972286,9209900
2004-05-10,8.667800903320312,8.68384026027133,8.436830247307274,8.561939556601752,8644400
2004-05-17,8.709506034851074,8.783288076444661,8.513823255488186,8.597228669199465,7033700
2004-05-24,8.837824821472168,8.863488172870529,8.552319960682587,8.712716059887981,5737900
2004-05-31,8.937272071838379,9.020678128311824,8.709509261494999,8.805747301362503,5229200
2004-06-07,9.0559663772583,9.16824380333035,8.930857577503508,8.9789762995736,4461600
2004-06-14,9.014262199401855,9.219569040235656,8.966143485064265,8.982182852555912,8436600
2004-06-21,9.181225776672363,9.425373212302656,9.043089671130172,9.052727287585137,7038500
2004-06-28,9.145890235900879,9.322576228795395,9.091278290857737,9.17801501758436,6628200
2004-07-05,9.049516677856445,9.239052219436905,8.921018161377132,9.152315491039897,6206800
2004-07-12,8.757179260253906,9.184437061069254,8.676867638952308,9.052726051152955,7612300
2004-07-19,8.079350471496582,8.969203546801976,8.07292539355169,8.731481177403376,13828500
2004-07-26,6.553429126739502,8.278523272255136,6.444205256899749,8.127537010149466,27731800
2004-08-02,6.34461784362793,6.746175934996786,6.264306225354158,6.521303158738617,14150700
2004-08-09,6.48596715927124,6.57270325063928,6.216120043899572,6.3574686787916574,12473500
2004-08-16,6.450632095336914,6.617680484539355,6.4185073108396296,6.498818965718192,9348500
2004-08-23,6.58876895904541,6.624106287123048,6.3960208437491355,6.4506327995375905,7350500
2004-08-30,6.579129695892334,6.649804334398817,6.479543429404089,6.601616858061046,8055700
2004-09-06,6.200058937072754,6.6979915188219525,6.0908350475396,6.633741955780364,8989700
2004-09-13,6.0876240730285645,6.338196060079187,5.968762546628889,6.200059906843926,11503600
2004-09-20,6.190549373626709,6.248495333220267,5.994177705468638,6.100411760051346,11767100
2004-09-27,6.232400894165039,6.261373880414009,5.939452356773527,6.190550752242493,8441300
2004-10-04,6.251713752746582,6.33863268005954,6.200206376712909,6.245275177238284,4291100
2004-10-11,6.1165080070495605,6.267810878809589,6.0907543136858004,6.245276473868359,5364000
2004-10-18,6.093975067138672,6.171236165804011,5.965206569363108,6.116509477497317,4109500
2004-10-25,6.731378555297852,6.744255710101197,5.94267063007254,6.0650011446381695,8836100
2004-11-01,7.062955856323242,7.098366793636416,6.602608145104778,6.731376585371674,6197800
2004-11-08,6.824734687805176,7.15631337386602,6.7120620624184255,7.091929455085314,6641200
2004-11-15,6.666991233825684,7.001789751136582,6.650895411038779,6.834390492481133,7937700
2004-11-22,6.673430919647217,6.737815449547172,6.628362117127078,6.695965320907287,2874600
2004-11-29,6.853705406188965,6.914870016759465,6.563975718155187,6.69596341425226,5721500
2004-12-06,6.741121292114258,6.847560026692924,6.650810011380518,6.808855367864024,4082400
2004-12-13,6.734671115875244,6.9475492256869575,6.5604988999196125,6.744347589339265,8292000
2004-12-20,6.557273864746094,6.766925882782427,6.512118215839688,6.766925882782427,4480000
2004-12-27,6.724996089935303,6.773377232844268,6.5475977456696155,6.602429871686339,4164300
2005-01-03,6.679839134216309,6.821757671947088,6.583076858381418,6.78305300769295,5710200
2005-01-10,6.625006675720215,6.7862775223712495,6.547596127952196,6.686289154503998,4652800
2005-01-17,6.918519973754883,6.934646813287381,6.554047494405271,6.5927527705625595,5171900
2005-01-24,6.999156475067139,7.073340932611268,6.831434611332906,6.928196893764415,7544900
2005-01-31,7.4345855712890625,7.534573936288379,6.986252827322398,7.095917049115594,9725300
2005-02-07,7.45394229888916,7.508774437618496,7.341052529128793,7.437814837380678,6586200
2005-02-14,7.041085243225098,7.531348771867302,6.966900800327775,7.379753780069027,13176900
2005-02-21,6.870139122009277,7.018508648923431,6.65403612197314,7.015283157555778,5393700
2005-02-28,7.050762176513672,7.08624134727963,6.786278065278948,6.834659200104896,5138700
2005-03-07,6.718545436859131,7.063665052482389,6.6927421183601865,7.0539891925450595,5734300
2005-03-14,6.770150184631348,6.87336342982524,6.647584609763467,6.7475723641451175,15521500
2005-03-21,6.6312336921691895,6.909150468356062,6.534285463508561,6.850982270813149,5909800
2005-03-28,6.6215386390686035,6.747570657449118,6.56660149478363,6.666780775640504,4804800
2005-04-04,6.566603660583496,6.708794072049761,6.543982584836653,6.598919747241022,4057300
2005-04-11,6.514896869659424,6.8477514480306265,6.489044128763076,6.579529030089276,6330500
2005-04-18,6.327463626861572,6.624770421659453,6.301610888895578,6.524591139088462,7174600
2005-04-25,6.560142517089844,6.653859138146299,6.172351196455273,6.359783822189889,7765500
2005-05-02,6.721718788146973,6.828361421253892,6.4179492371017846,6.624771164005395,6683400
2005-05-09,6.792814254760742,6.964088431002916,6.653855542156591,6.6764766132543905,7270500
2005-05-16,6.977015018463135,7.025488829665217,6.718487614466732,6.805740228079299,4272800
2005-05-23,7.125670909881592,7.206460832290128,6.951164997995814,6.960860010580988,6325800
2005-05-30,7.0513410568237305,7.141825949825385,6.883297948268332,7.141825949825385,4531200
2005-06-06,7.196765899658203,7.219386977625977,6.9899432945711055,7.0287227256431075,5537200
2005-06-13,7.2355451583862305,7.271092921018898,7.083660328154426,7.199998012131748,6795200
2005-06-20,7.245366096496582,7.378101258464561,7.119106558454831,7.245366096496582,8498900
2005-06-27,7.141767978668213,7.3845751461058455,7.119106075172524,7.268028125629362,8277400
2005-07-04,7.1482462882995605,7.18062071575153,6.973425368044276,7.141771279310998,10443700
2005-07-11,7.122343063354492,7.190328768927429,6.9604716300964355,7.132055571646561,6659600
2005-07-18,7.361913681030273,7.462273809983832,7.089969587905939,7.138530900787299,9336100
2005-07-25,7.607959270477295,7.743931333202473,7.209755593028796,7.361914556141702,10959200
2005-08-01,7.504360198974609,7.737454854681756,7.459036392515302,7.646807241763142,8189600
2005-08-08,7.478462219238281,7.598246764154497,7.290691334174736,7.527023537920279,5754700
2005-08-15,7.332778453826904,7.4752255394847085,7.323066559514585,7.462275523747301,6393800
2005-08-22,7.122343063354492,7.3748627215336455,7.122343063354492,7.3683877160056,6368700
2005-08-29,7.109394073486328,7.280978039682643,7.067307766489815,7.073782772947926,7597100
2005-09-05,6.361548900604248,7.203280701591758,6.29680068052255,7.138531864019381,27563100
2005-09-12,6.31946325302124,6.526658567057758,6.293563838766675,6.345362667275804,18162800
2005-09-19,6.20920467376709,6.338969115940716,6.167031663194564,6.319504078357041,10666200
2005-09-26,6.32598876953125,6.338965453756734,6.180004165806354,6.261106585928549,6293900
2005-10-03,6.384385108947754,6.390873453599097,6.300038484768097,6.342211487476624,6645300
2005-10-10,6.2124481201171875,6.384385552754296,6.167030941925842,6.384385552754296,5827200
2005-10-17,6.3292341232299805,6.455753724257337,6.192982007214953,6.19622617887751,4847400
2005-10-24,6.134587287902832,6.471973667981226,6.0599732064955525,6.3584301508870595,9413100
2005-10-31,6.069706916809082,6.202715500911067,6.024289743891988,6.141077467121743,7681500
2005-11-07,6.157297134399414,6.196226578095822,6.00806894088197,6.053486109559016,4164500
2005-11-14,6.176763534545898,6.18325126096437,6.050243278564578,6.137834082221803,4403900
2005-11-21,6.335724353790283,6.384385705698548,6.105393047239262,6.147566672652376,4153300
2005-11-28,6.413578033447266,6.510900667352764,6.231908209305753,6.313010610481073,6662900
2005-12-05,6.5632758140563965,6.62503972482398,6.368230351552218,6.394236371883946,6537400
2005-12-12,6.469003677368164,6.6738016323685425,6.225197001436959,6.563275889677135,8914000
2005-12-19,6.348727703094482,6.534020725421942,6.179688215344568,6.179688215344568,4332800
2005-12-26,6.231699466705322,6.381233949646616,6.179687418722914,6.3422252236760706,3936700
2006-01-02,6.335723400115967,6.384484616344356,6.176436429752565,6.260956160563606,5771500
2006-01-09,6.329222202301025,6.35522822752751,6.218696440080325,6.3097178383892984,7119900
2006-01-16,6.208942413330078,6.335721664806444,6.179685567599789,6.332470835277264,4295700
2006-01-23,6.293461799621582,6.299962838315639,6.15693006652955,6.234948111148953,4463600
2006-01-30,6.2512054443359375,6.5307707394756545,6.225199413627546,6.420244953956821,6828900
2006-02-06,6.4332451820373535,6.605534820019234,6.231698076057794,6.257704094245571,7390900
2006-02-13,6.371481418609619,6.4429978221740924,6.280460034046461,6.420242631041417,6362600
2006-02-20,6.364978313446045,6.433244491380313,6.338972298050209,6.364978313446045,3234800
2006-02-27,6.348727703094482,6.5307698944999135,6.270709621063583,6.387736434093632,8857100
2006-03-06,6.573029518127441,6.576280349079989,6.332473607932393,6.332473607932393,6800000
2006-03-13,6.748569488525391,6.790829043448847,6.495010298887162,6.569777537615391,7938700
2006-03-20,6.7587761878967285,6.823984119588296,6.6903084193026165,6.758776187896729,5296300
2006-03-27,6.631618022918701,6.735950162918944,6.5664101244842445,6.722908956353217,5643700
2006-04-03,6.716387748718262,6.807678056295986,6.563149380652374,6.6642216809971115,8219100
2006-04-10,6.61857795715332,6.748993788754759,6.5957553731837,6.735951956847106,3209200
2006-04-17,6.69682502746582,6.716387145637577,6.556628499853096,6.60553410621675,7511500
2006-04-24,6.367530822753906,6.830505422662517,6.341447772978871,6.677266961098841,9900100
2006-05-01,6.43273401260376,6.47837978685093,6.276235814275475,6.419692807010683,7915500
2006-05-08,6.377307415008545,6.57619092839147,6.321880892682248,6.4359943941621,6770000
2006-05-15,6.374050617218018,6.471862512579245,6.2599376720999516,6.4001336649405625,6891800
2006-05-22,6.419693946838379,6.465339107321364,6.305580423762242,6.351225584245228,9489200
2006-05-29,6.468600749969482,6.478382124094594,6.334925079603552,6.419695123081496,4755900
2006-06-05,6.312099456787109,6.4555558103551895,6.276235057460846,6.4555558103551895,5120500
2006-06-12,6.24363374710083,6.3381851590561915,6.139301583473362,6.31862241197448,8184100
2006-06-19,6.367749214172363,6.449512817648773,6.253280668350821,6.272903758519258,5848200
2006-06-26,6.662101745605469,6.691536082473785,6.354670280666413,6.367752138851546,9632500
2006-07-03,6.668641090393066,6.720969760763244,6.5607131297787085,6.619583039896896,5294200
2006-07-10,6.62612247467041,6.966258739422478,6.6064993845787185,6.668639273836874,7490900
2006-07-17,6.936825752258301,6.962990711515383,6.58033691567804,6.599960011313889,8011600
2006-07-24,7.048023223876953,7.139598695433592,6.933554664189735,6.976071468672578,9565500
2006-07-31,7.025130271911621,7.191928136108718,6.985884082575206,7.031671511403335,7104200
2006-08-07,6.897579669952393,7.025130729310863,6.796192946457376,7.012048873282622,7295900
2006-08-14,6.992425918579102,7.0153202607956215,6.884497943357955,6.927015383667309,5965100
2006-08-21,7.1592230796813965,7.162493699663543,6.956449631244197,6.998966443398133,5091600
2006-08-28,7.286770820617676,7.335828846188803,7.07418500346506,7.139596120097656,7994100
2006-09-04,7.018590927124023,7.355457366202873,6.966262244677789,7.286776204419852,6750700
2006-09-11,6.783108711242676,7.044752625974188,6.720968195720506,6.982612110452018,14264500
2006-09-18,6.733760833740234,6.917438492997752,6.668161356918205,6.740320280940057,7504700
2006-09-25,6.832159519195557,6.917438590019096,6.73704096463279,6.750160484819419,8674000
2006-10-02,6.77311897277832,6.9567966036542295,6.684559880433498,6.809198742015739,11344400
2006-10-09,6.861677646636963,6.960076215061403,6.632080152842816,6.75671900682347,15014500
2006-10-16,6.845280647277832,6.963358848313573,6.746881416544461,6.86168020626519,10993000
2006-10-23,6.7239203453063965,6.946957803198396,6.566482360536611,6.8223189293867765,15606300
2006-10-30,6.638639450073242,6.786237911100689,6.546800338144746,6.746878112959114,14718000
2006-11-06,6.589442729949951,6.815760249525573,6.527123286031416,6.645202100697481,13449300
2006-11-13,6.635361194610596,6.704240703433692,6.405764291607121,6.461523655662796,9876700
2006-11-20,6.796078681945801,6.996156494753075,6.73703991192668,6.802638753815555,8311900
2006-11-27,6.730481147766113,6.789520554859274,6.61568237015197,6.7829604817149205,12412500
2006-12-04,6.75040340423584,6.918176659811108,6.687899494718435,6.714216831232901,11999400
2006-12-11,6.661582946777344,6.81290749278506,6.638555353033115,6.7635625594110165,12142100
2006-12-18,6.6451311111450195,6.819483152934846,6.5694682531985205,6.819483152934846,9387900
2006-12-25,6.717507362365723,6.760272803907753,6.61881749575804,6.61881749575804,5344200
2007-01-01,6.710927486419678,6.803038483447289,6.618817116846899,6.753693552968325,5996800
2007-01-08,6.9148850440979,6.980678053862126,6.671449590315553,6.727373993715188,11800200
2007-01-15,6.835933685302734,6.9740998342197855,6.783299021663351,6.908306190943215,10328700
2007-01-22,6.812905788421631,6.901727022747699,6.799747435625942,6.865541081968522,11275200
2007-01-29,6.780010223388672,6.852382739133906,6.727375552400361,6.816196167533903,9174400
2007-02-05,6.678031921386719,6.786591039977273,6.6451357131419675,6.786591039977273,11530400
2007-02-12,6.812905788421631,6.990548257073768,6.664871025332896,6.664871025332896,22303100
2007-02-19,6.720795154571533,6.819484992490962,6.69776756755398,6.81290550264175,8267500
2007-02-26,6.5990800857543945,6.793170731875551,6.50696969603925,6.714218700353297,14857800
2007-03-05,6.661582946777344,6.671452184434101,6.569471944345558,6.582630927887901,11073300
2007-03-12,6.655002593994141,6.7207962482838495,6.585919821699256,6.635264748689143,10393600
2007-03-19,6.740798473358154,6.757295525527136,6.62201768391044,6.681408078634297,10255100
2007-03-26,6.6814093589782715,6.730901154291424,6.589024212890685,6.724302080430385,12367100
2007-04-02,6.77709436416626,6.81998708765741,6.678110139512116,6.678110139512116,7794300
2007-04-09,6.85297966003418,6.859578732120121,6.724300271646933,6.760594538797458,12408100
2007-04-16,7.097141742706299,7.100441279716001,6.843083056860269,6.852981667889376,15053500
2007-04-23,7.25221586227417,7.5755629220214065,7.037751001393749,7.044350075100176,22918800
2007-04-30,7.377593517303467,7.4237857606533435,7.18952437872512,7.235716622074997,13442400
2007-05-07,7.232420444488525,7.450184877571032,7.2093243120892305,7.394094000605998,9888600
2007-05-14,7.562363624572754,7.572262232803339,7.239016640906239,7.248914619814664,13876100
2007-05-21,7.578858852386475,7.750430911175173,7.463378264088319,7.5524631994437526,18458400
2007-05-28,7.6712470054626465,7.84941820572872,7.473279214941094,7.56896388826671,11530800
2007-06-04,7.4963765144348145,7.671248205459399,7.370997250774304,7.671248205459399,11617200
2007-06-11,7.605255126953125,7.621752804717036,7.357795624392974,7.479875922557688,15762700
2007-06-18,7.652148246765137,7.774556434226033,7.582673790026053,7.619065532705949,10422500
2007-06-25,7.939971923828125,8.03591355412694,7.549589869944612,7.655456061300356,17256600
2007-07-02,7.943284511566162,8.049150758770336,7.906892752459998,7.989600836964836,8634200
2007-07-09,8.055764198303223,8.088847544514318,7.867189945216022,7.979672943726342,13758000
2007-07-16,7.7910966873168945,8.082229325480142,7.767938538351865,8.02267943899165,11946200
2007-07-23,7.52643346786499,7.923432408684815,7.52643346786499,7.8241823579736485,16122900
2007-07-30,7.493350505828857,7.665383431163957,7.384175886099363,7.463575552174227,25394300
2007-08-06,7.834108352661133,7.939974579424799,7.496659281592582,7.523125838283498,16755200
2007-08-13,7.943284511566162,7.976367871570618,7.483427763643296,7.83410986526028,13354000
2007-08-20,8.022682189941406,8.022682189941406,7.830799507133821,7.939974126127577,7649600
2007-08-27,7.880424976348877,8.055766315644982,7.7944085059967785,7.969749845292884,8033400
2007-09-03,7.949900150299072,8.068999345527185,7.850650084761044,7.903583200642986,6688600
2007-09-10,8.006142616271973,8.075617102493865,7.801026294593479,7.9399758980498545,15352300
2007-09-17,8.042816162109375,8.158898171380681,7.886935004434002,7.983116806907215,13780000
2007-09-24,8.032861709594727,8.10251113048666,7.920096462509286,8.009645446829321,10158300
2007-10-01,8.03618049621582,8.202011710578983,7.923415219841201,8.052763997209665,9300500
2007-10-08,8.056082725524902,8.1887476038946,7.963216994368094,8.049449323457408,8272300
2007-10-15,7.949949741363525,8.205330013178454,7.946633040517045,8.046132168123435,9439300
2007-10-22,8.391061782836914,8.44412773719919,7.867035009062376,7.910151492354273,11269200
2007-10-29,8.550260543823242,8.62322607518638,8.367845766521258,8.424228423855167,9058300
2007-11-05,8.337995529174805,8.716091231179036,8.331362759564666,8.716091231179036,11121300
2007-11-12,8.427541732788086,8.550257102033695,8.268343928844462,8.308143063532448,8703700
2007-11-19,8.228545188903809,8.38774364531938,8.16884584682246,8.377793544107183,6184400
2007-11-26,8.613274574279785,8.729356571446077,8.21196326797448,8.21196326797448,13123900
2007-12-03,8.453886985778809,8.719836771766134,8.44058917944229,8.593510781940731,10883800
2007-12-10,8.80959701538086,8.919301405681114,8.158019578221632,8.460537764627622,18054500
2007-12-17,8.773028373718262,9.005734955640394,8.703216779586276,8.786326182547834,13143300
2007-12-24,8.749759674072266,8.842842453142556,8.683272518228822,8.776354663224554,4614800
2007-12-31,8.546969413757324,8.753080981168155,8.473833378391843,8.749756529459589,7769000
2008-01-07,8.859465599060059,8.97249448081033,8.566920668342968,8.583542301628441,14672100
2008-01-14,8.114801406860352,8.912651484806112,8.084881973455877,8.912651484806112,13049500
2008-01-21,7.8455281257629395,8.051639099467168,7.247140016584942,7.832230316324239,14089200
2008-01-28,7.895397186279297,8.138076610774366,7.559634956163293,7.842207192802974,17495100
2008-02-04,7.739149570465088,7.925314497375713,7.669337326576999,7.898719507817052,7856100
2008-02-11,8.134751319885254,8.201239121926665,7.682636421857548,7.722528595822656,13245800
2008-02-18,8.04831314086914,8.244451354861615,7.8322288505259685,8.207883653897726,13459200
2008-02-25,8.121452331542969,8.463862723811149,8.054964544306188,8.061613449844772,15702400
2008-03-03,8.035019874572754,8.337538154950666,8.001775975109046,8.098183220146334,13712000
2008-03-10,7.93528938293457,8.261078226226394,7.852179945314737,8.054966541936343,15283700
2008-03-17,8.201239585876465,8.341260772801634,7.877856972615558,7.907861558090879,8928100
2008-03-24,8.051215171813965,8.3979344795596,8.027878417615483,8.251245492753458,9891800
2008-03-31,8.114558219909668,8.27124830896569,7.954534217995579,8.031212306094556,12350600
2008-04-07,7.771171569824219,8.174566058135529,7.74450090714999,8.124558645106195,13466700
2008-04-14,7.974538326263428,8.11122559576684,7.771174060762711,7.771174060762711,14998900
2008-04-21,7.597813129425049,8.124559232214605,7.517800499741621,7.924528929763638,16445900
2008-04-28,7.55114221572876,7.634488157703424,7.4777980157075215,7.6178192236601205,15050700
2008-05-05,7.164412975311279,7.511132199736475,7.1244073022645,7.501130463535426,21111400
2008-05-12,7.197751045227051,7.267761286962904,7.041061002381091,7.167746474232065,13704100
2008-05-19,7.051064491271973,7.254428733394026,7.027727736119387,7.21442241321896,14949900
2008-05-26,6.7143473625183105,7.131076978084321,6.450974576137635,7.03772995116005,20133000
2008-06-02,6.497645378112793,6.694341725448287,6.454305795966396,6.671004978455714,15486300
2008-06-09,6.444304466247559,6.5543210203393265,6.320952263961052,6.5109814354638385,15896800
2008-06-16,6.139550685882568,6.504243385899673,6.032485056182408,6.504243385899673,19932300
2008-06-23,5.728014945983887,6.16966083441866,5.697902668303219,6.16966083441866,13768000
2008-06-30,5.694559097290039,5.801624733264219,5.4837730680745365,5.687867335501271,12254900
2008-07-07,5.473735332489014,5.798278077960493,5.386744355337996,5.7079412203619615,20440900
2008-07-14,5.577455043792725,5.687866545322528,5.3499402798739935,5.4770811835516096,24025200
2008-07-21,5.654408931732178,5.83842854437171,5.457006434228071,5.587493231086304,16827100
2008-07-28,5.684521198272705,5.717979367546277,5.5640720441524465,5.634334263443097,15430600
2008-08-04,5.8919596672058105,5.905342548225057,5.6176039056174,5.714631867031226,13434500
2008-08-11,5.95218563079834,6.059251256845055,5.831736482415051,5.838428243583338,10092000
2008-08-18,5.771510124206543,5.978950189171883,5.627640494366895,5.9555290323225325,9306800
2008-08-25,5.7112860679626465,5.791585269697078,5.590836946280333,5.7614729892765,8871200
2008-09-01,5.671137809753418,5.972260030147085,5.564071549955243,5.774857550943821,11016200
2008-09-08,6.04921293258667,6.04921293258667,5.634333359383943,5.7447448535575605,18714400
2008-09-15,5.949532508850098,6.584463324183211,5.747967821578393,5.952892005739094,26735800
2008-09-22,5.825234889984131,6.04359708277649,5.620310045286179,5.902501403613053,12298200
2008-09-29,5.344839572906494,5.872268647628487,5.344839572906494,5.791642608253036,14396300
2008-10-06,3.3594207763671875,5.341478906272095,3.2418409210426034,5.247415214240027,42467800
2008-10-13,3.7558321952819824,4.132087250207833,3.6113770122698132,3.7625508696378054,36309400
2008-10-20,2.9831647872924805,4.031303714658071,2.7715213038274236,3.8297384007734734,32378400
2008-10-27,3.37621808052063,3.49379762020901,2.905898960629077,2.9495714709291074,29107900
2008-11-03,3.3224666118621826,3.547547785386577,3.218324447242832,3.3930144471516086,18059600
2008-11-10,3.0805890560150146,3.6012993705921095,2.885742665328775,3.5273920195244273,19740600
2008-11-17,2.7312095165252686,3.18137201558755,2.43558040788169,3.057073467699803,22710400
2008-11-24,3.0839478969573975,3.104104239077261,2.6539420337857074,2.778240704978781,15761500
2008-12-01,3.4479880332946777,3.4987932272226376,2.855259263414597,3.0483193879547,27255900
2008-12-08,3.5326626300811768,3.6816913960822806,3.2684747876529396,3.522501335595234,18932100
2008-12-15,3.98991060256958,4.199905863440454,3.3870209618105243,3.542823938974268,24746400
2008-12-22,4.013619422912598,4.077972670306931,3.8815255070887194,3.9966842558052114,8734200
2008-12-29,4.186358451843262,4.23038977004288,3.854430500354427,3.989911230959759,8658200
2009-01-05,4.132165908813477,4.562317767649009,4.064425547622079,4.152488178676656,17166200
2009-01-12,3.949267625808716,4.159262952402742,3.7087890493360818,4.159262952402742,15693200
2009-01-19,3.9221696853637695,3.9763619612978927,3.725722523596851,3.952652921329575,11369900
2009-01-26,3.8036248683929443,4.260872885544302,3.773141947192847,3.945879792706187,13524100
2009-02-02,4.274419784545898,4.287967853474275,3.691852174602813,3.803623824014782,15382000
2009-02-09,4.538608551025391,4.596187940719978,4.013620491945325,4.264259998256154,24301500
2009-02-16,4.166036605834961,4.477642616873774,4.064425893885513,4.440385172785765,17890800
2009-02-23,3.8882997035980225,4.294742455942064,3.8849129283039514,4.196518866161598,22750000
2009-03-02,3.387021780014038,3.851043725114573,3.285411062011303,3.834108551612189,25256900
2009-03-09,3.8103995323181152,3.888300878822176,3.3192814349772055,3.3497646829176015,21523300
2009-03-16,4.033947467803955,4.156704839978859,3.924829803648485,3.9384695116679187,19427600
2009-03-23,4.511335372924805,4.552254802217754,4.050995207938509,4.050995207938509,23802200
2009-03-30,4.804589748382568,4.961446486750354,4.361298937760901,4.436317462683621,25179600
2009-04-06,4.961445331573486,5.114892027354918,4.634092228814928,4.756849520400858,14163800
2009-04-13,5.077383995056152,5.210371007374834,4.7602605191648735,4.9546263526744205,20755700
2009-04-20,5.258108139038086,5.4627039155376,4.91711539500291,5.271747835791652,27331300
2009-04-27,5.796877384185791,5.871895563251735,5.131941513980163,5.1865003079175995,31415600
2009-05-04,5.933277606964111,5.987836430675633,5.612744029864558,5.834389982884158,28618500
2009-05-11,5.7048115730285645,6.042394496286408,5.609333968708609,5.878718045687284,22732500
2009-05-18,5.6775312423706055,6.038983507996259,5.633202454764334,5.7559594475775535,20615800
2009-05-25,5.680941581726074,5.8446180153200045,5.599103364929109,5.6366127915248425,20634600
2009-06-01,5.943505764007568,6.079902780456819,5.7627793107171374,5.769599324137669,22783400
2009-06-08,5.85825777053833,6.015114182830744,5.820748345689142,5.909406572355756,16732600
2009-06-15,6.001765251159668,6.104476313671836,5.738139363551824,5.851121793523612,21833500
2009-06-22,5.751832008361816,6.0291529629624945,5.662816131229153,5.960678508068817,31302100
2009-06-29,5.717596054077148,5.936713288669514,5.481359877394211,5.751832632216553,18152200
2009-07-06,5.645697116851807,5.9161704918068985,5.608036101852797,5.673086767845417,22133600
2009-07-13,5.940136432647705,6.1318639921156795,5.536138585431733,5.652544766935345,21832400
2009-07-20,6.203765392303467,6.241425773941546,5.881936335358449,5.977799837369338,21643000
2009-07-27,6.43315315246582,6.710473555016563,6.159255886187387,6.220882787425561,28101200
2009-08-03,6.6488447189331055,6.840572292419651,6.422879915497322,6.501625087265976,22884300
2009-08-10,6.744710922241211,6.847421990896235,6.5461357106260625,6.641999200565138,19062000
2009-08-17,6.987793445587158,7.015183104906118,6.635151010462184,6.713896852397559,17064900
2009-08-24,7.069962501525879,7.169250425790374,6.909048332879727,7.015183182283742,17032800
2009-08-31,6.956978797912598,7.090503282446627,6.761827427279517,7.035723973252109,18851600
2009-09-07,7.001488208770752,7.025454077702039,6.789217871197589,6.977521686818514,18062500
2009-09-14,7.269514560699463,7.276388963609914,6.936113886492313,6.987670597162408,20578700
2009-09-21,7.183588027954102,7.362318608389607,7.145780115016068,7.252330760607538,15966800
2009-09-28,7.073599338531494,7.369192135959649,6.898305981143579,7.190461576790104,18707600
2009-10-05,7.1973371505737305,7.255768279203395,7.008294955322783,7.066726083952449,14331200
2009-10-12,7.1973371505737305,7.2832652423479844,7.0598523348507864,7.1870255435522665,14080200
2009-10-19,6.867375373840332,7.303890392270407,6.839878400939672,7.200776907787819,16355100
2009-10-26,6.554593563079834,6.991108348542863,6.50991125180545,6.853623557414916,35699000
2009-11-02,6.778006076812744,6.829563444426337,6.444605393782875,6.571779228675021,27261500
2009-11-09,6.953301429748535,7.035792323936207,6.743637319530461,6.819253808640989,16555900
2009-11-16,7.018605709075928,7.145779557895899,6.91549227371429,6.967048991395109,16292900
2009-11-23,6.850186824798584,7.128593627845719,6.778006894776444,7.070162505667506,9421700
2009-11-30,6.869992256164551,6.96315654889248,6.759575609139657,6.869992256164551,19453000
2009-12-07,6.818235397338867,6.911399701847893,6.718169886984311,6.838938356740247,17729600
2009-12-14,7.049420356750488,7.077024521326495,6.800982217431226,6.800982217431226,18822900
2009-12-21,7.387571334838867,7.411724895913898,7.035617752540816,7.042518958029447,8386900
2009-12-28,7.3151092529296875,7.4289764891794245,7.270252083965668,7.394471126469038,7417300
2010-01-04,7.308209419250488,7.584251056428858,7.273704050069398,7.397923115867252,20969500
2010-01-11,7.332362174987793,7.391021098713099,7.166737210869905,7.294406207243446,16163100
2010-01-18,7.228846073150635,7.353064455765,7.159835348704287,7.332361501685113,15531900
2010-01-25,6.966609477996826,7.28405777327823,6.952807063441599,7.28405777327823,16577800
2010-02-01,6.935551643371582,7.2357467880108635,6.869991519430509,7.0183641197594895,14053100
2010-02-08,6.65261173248291,7.108080878951563,6.5007884642815785,6.949356403528501,27566500
2010-02-15,6.8113322257995605,6.863089938433769,6.6388060782621805,6.707816800531142,15628100
2010-02-22,8.81608772277832,8.97136155134411,6.528390816765043,6.8182348579977425,88227500
2010-03-01,8.923053741455078,9.178392394606876,8.764329322496598,8.788482881044928,64877200
2010-03-08,9.319863319396973,9.426829355205433,8.878196109208865,8.912701473121777,47814700
2010-03-15,9.334798812866211,9.55639686740331,9.227462657638567,9.230925199473306,33221400
2010-03-22,9.556398391723633,9.570247900859373,9.36250064093625,9.383275234846076,28966100
2010-03-29,9.656808853149414,9.75029551030059,9.532160637360233,9.570247280323299,23442500
2010-04-05,9.784916877746582,9.826466048461407,9.59448108733179,9.632568377497181,27344100
2010-04-12,9.823007583618164,10.016905322005499,9.750295518965169,9.764145687627604,26932500
2010-04-19,9.781458854675293,9.854170267216489,9.667197591815938,9.826470587141872,22300200
2010-04-26,9.601408004760742,9.926879652837528,9.601408004760742,9.757219075758217,36244400
2010-05-03,8.947004318237305,9.764145786007127,8.444946926176206,9.642959450639372,41956900
2010-05-10,9.1997652053833,9.73298488929947,9.161677896414291,9.178990609769517,34203300
2010-05-17,8.780804634094238,9.3590358665838,8.41032127239602,9.223999387342676,40527200
2010-05-24,9.037027359008789,9.2101504859614,8.531507484892757,8.728867743952764,31124500
2010-05-31,8.818891525268555,9.127051129004789,8.784267429479753,9.023176860401499,24498600
2010-06-07,9.0958890914917,9.102814174949156,8.576519719604029,8.80504219040162,29615400
2010-06-14,9.395858764648438,9.555699233702962,9.093550897274492,9.169996252548552,28395700
2010-06-21,8.992781639099121,9.55569950134034,8.98583254316354,9.48620323986077,24184400
2010-06-28,9.044902801513672,9.236016497590965,8.88158681051435,9.083125143069909,22483400
2010-07-05,9.618246078491211,9.698166315874866,9.07617748816164,9.09355122228314,14051700
2010-07-12,9.621719360351562,9.795459323781994,9.50357613219764,9.590446113912856,20356500
2010-07-19,9.906654357910156,9.906654357910156,9.58349786888305,9.639094612934437,15006800
2010-07-26,9.972673416137695,10.076917121251412,9.812832317162641,9.885803440954493,21553200
2010-08-02,10.135987281799316,10.236756093967497,9.917075267251054,10.0386926849083,17494100
2010-08-09,9.976146697998047,10.2159079926328,9.750284916218757,10.156836388527578,12148200
2010-08-16,10.083869934082031,10.208962285572627,9.833683905569815,9.917079690250898,16956500
2010-08-23,9.962247848510742,10.163786145570418,9.687738434485965,10.080391056728336,16091900
2010-08-30,10.205487251281738,10.222860985085436,9.746813123337855,9.875381006887789,12647300
2010-09-06,10.483468055725098,10.535589905418716,9.91360126191301,9.937924747585681,16415600
2010-09-13,10.522459030151367,10.66536086918563,10.42486725467863,10.599137854943788,19493800
2010-09-20,10.52593994140625,10.613075203620575,10.323786159660587,10.53988123767011,17388400
2010-09-27,11.083606719970703,11.083606719970703,10.48063077619992,10.494572739306232,36093000
2010-10-04,7.8596014976501465,7.936280964711119,7.5494001330180645,7.842174708657772,39006400
2010-10-11,12.252979278564453,12.324158099859948,11.444587634821847,11.566608886930712,33052500
2010-10-18,12.522440910339355,12.669883843850297,12.085198388688069,12.400419673850257,19756600
2010-10-25,12.207221031188965,12.634295892960026,11.876746689750066,12.608874193010141,37782700
2010-11-01,12.512273788452148,12.547863196214303,12.090283295471977,12.090283295471977,32063800
2010-11-08,12.6800537109375,12.817327008765332,12.35974708661565,12.481768334539654,20181100
2010-11-15,12.969856262207031,12.985109284161897,12.359748960355953,12.6953076854524,18820900
2010-11-22,12.542780876159668,12.96477143708707,12.308906063618634,12.873255248255308,13087600
2010-11-29,13.021349906921387,13.082651316525666,12.08650998733787,12.505399867516417,26294300
2010-12-06,13.246119499206543,13.312528461722724,12.862988395948443,12.970264637171375,13503800
2010-12-13,12.898747444152832,13.343179963023035,12.817012884831177,13.292095619858799,23877000
2010-12-20,12.908966064453125,12.980483568896249,12.709737199521264,12.893640467349776,14622400
2010-12-27,12.786364555358887,13.011134139482792,12.679087321449478,12.85277352922437,8606400
2011-01-03,12.198899269104004,13.123523440196655,12.071188845131859,12.837451388964736,26784600
2011-01-10,13.021349906921387,13.097975938162097,12.117160204963584,12.137594332949293,23793600
2011-01-17,12.771036148071289,13.123517018576822,12.694410126053407,13.036673933795827,12545300
2011-01-24,12.786364555358887,13.246121762970624,12.622894438242028,12.755713360325943,15217500
2011-01-31,13.184816360473633,13.246117757650445,12.750600972333109,12.771035096176265,12099900
2011-02-07,13.4044828414917,13.486217415728913,13.138844988044267,13.22568809496543,15623000
2011-02-14,13.869349479675293,13.869349479675293,13.143954356433944,13.389158094735881,13713700
2011-02-21,13.57305908203125,13.86934712578194,12.919182557534764,13.751853809580588,20051000
2011-02-28,13.195035934448242,13.690551839748572,13.046892405792613,13.639468469120805,19030600
2011-03-07,13.455567359924316,13.751855438776548,13.174604879312938,13.256339454558175,11460200
2011-03-14,13.24470329284668,13.567995714157007,12.911148381338172,13.501284144588341,14698500
2011-03-21,13.598787307739258,13.839972994421945,13.357601621056569,13.403786260026637,13844000
2011-03-28,14.147871017456055,14.245372035912705,13.650104411570432,13.650104411570432,11795600
2011-04-04,14.10682201385498,14.296692367710945,13.993926736208499,14.188927848284925,8296300
2011-04-11,14.455767631530762,14.455767631530763,14.029843385922401,14.081159760564775,11708100
2011-04-18,14.681556701660156,14.748267292685888,14.065762263796476,14.286421953677266,10561400
2011-04-25,14.578926086425781,14.809849278856813,14.29668749903534,14.645637665918487,13370200
2011-05-02,14.1683988571167,14.886825244536313,13.988792015567162,14.599454885324176,21359000
2011-05-09,14.861163139343262,14.974059345665202,14.106815753255232,14.18892155124665,18980500
2011-05-16,15.122878074645996,15.276827203755694,14.548137399882842,14.79958656743903,12677100
2011-05-23,14.681556701660156,15.066427980630388,14.563528765571128,14.95353177904769,16660500
2011-05-30,14.573796272277832,15.035641739241496,14.48142698312939,14.871430104656953,15679900
2011-06-06,14.363398551940918,14.645638126995301,14.24023983835987,14.563531339162818,12497300
2011-06-13,14.749070167541504,14.950123234319207,14.295410704967182,14.455223075088178,18220000
2011-06-20,14.609884262084961,15.14087193818717,14.563487232945953,14.72329867593611,17686800
2011-06-27,15.367692947387695,15.378003611568365,14.62534282540241,14.630497174213689,15678900
2011-07-04,14.944965362548828,15.403779096802007,14.733601665874058,15.352227743099121,13811000
2011-07-11,14.522242546081543,14.87279736810593,14.434603840575448,14.795469329901575,15543400
2011-07-18,15.372854232788086,15.460492945704747,14.16653358830199,14.357277016395704,18659600
2011-07-25,14.491312980651855,15.398631145325016,14.331500571286853,15.331612784422413,20335300
2011-08-01,13.496354103088379,14.692363921094927,13.058160596505127,14.46553416769666,26716700
2011-08-08,13.805669784545898,13.81082511890634,12.357053277485024,13.181888092845346,31072100
2011-08-15,13.39324951171875,14.264481198646767,13.367473827763915,13.908771057049998,20829200
2011-08-22,13.59946060180664,14.19231128189564,12.955058543692083,13.640702294194792,19462800
2011-08-29,13.867528915405273,14.393361110288298,13.71802818349497,13.800511549365334,15042500
2011-09-05,13.063311576843262,14.156216329132986,12.996293248197425,13.393244938548994,15322000
2011-09-12,14.152544021606445,14.313132643035138,12.681342424613613,12.790128966141095,22424600
2011-09-19,12.847108840942383,14.214705012157845,12.515570854253125,13.919428869255084,17369300
2011-09-26,12.888556480407715,13.7174027818885,12.80567194906579,13.012884265482151,12373600
2011-10-03,12.48967170715332,12.816029338615953,11.930200776030745,12.77458708401655,29628100
2011-10-10,13.479106903076172,13.515368753695657,12.686522642728038,12.686522642728038,13179200
2011-10-17,13.245999336242676,13.479112745642178,12.883379684807817,13.479112745642178,13056400
2011-10-24,13.758843421936035,14.240610320978114,12.945538436697877,13.251175480432927,19226700
2011-10-31,13.55163288116455,14.18880804697542,13.189012337922117,13.546452474768346,20180000
2011-11-07,13.852087020874023,13.909070492825466,13.40140261490212,13.520548976199398,12585200
2011-11-14,13.453204154968262,13.815824617865823,13.266714506332354,13.774382363939925,9127500
2011-11-21,12.546655654907227,13.313338936622573,12.536295831093506,13.261535865308355,6000900
2011-11-28,13.44477653503418,13.715546869479596,12.76785169209944,12.840751015535206,11580900
2011-12-05,13.611404418945312,13.804068197665572,13.366670261329839,13.647854081443489,10006400
2011-12-12,13.423951148986816,13.595786010779285,12.955309713935558,13.507264961178379,20242300
2011-12-19,13.564539909362793,13.68430435978427,13.069864371246933,13.434361979356705,13675200
2011-12-26,13.423951148986816,13.6947205420199,13.189630431461186,13.512472198587723,7036200
2012-01-02,13.25732421875,13.814486774315004,13.252117973857013,13.705136761159197,10455000
2012-01-09,13.3250150680542,13.5905782057658,13.257321977738862,13.356257498026464,10901100
2012-01-16,13.84572982788086,14.007150242608004,13.403124503778216,13.455195893645437,11641000
2012-01-23,14.054010391235352,14.277916608664876,13.705133469626785,13.850933121091769,10101400
2012-01-30,14.314370155334473,14.319577393568174,13.835315162804298,13.908214511717865,9083300
2012-02-06,14.283121109008789,14.533062469481054,14.033179748536526,14.27270663736111,10595400
2012-02-13,15.10063648223877,15.121465423077913,14.37684767211412,14.413297325404058,15450800
2012-02-20,14.949631690979004,15.111053025085033,14.725726505321804,15.111053025085033,9932300
2012-02-27,14.751764297485352,15.121470167959577,14.642415303303531,14.881942239042116,17238200
2012-03-05,14.324780464172363,14.819456034304359,14.08525254100559,14.819456034304359,12967000
2012-03-12,14.566550254821777,14.634643283525362,14.304656142370234,14.419890191238837,12310300
2012-03-19,14.823211669921875,14.91749374399264,14.461798384713424,14.508939421748806,11599400
2012-03-26,14.980348587036133,15.06939265587314,14.550842254662482,14.927969546711934,13612800
2012-04-02,14.996061325073242,15.362713601578477,14.786546166661854,14.927969273232195,8776800
2012-04-09,14.550841331481934,14.828448529207282,14.278471138314352,14.812735517439906,11479500
2012-04-16,15.16890811920166,15.216049144356312,14.49845975975213,14.58226580468332,14737000
2012-04-23,15.577463150024414,15.67174519919887,14.901776796018892,15.017009856650533,13788000
2012-04-30,15.284146308898926,16.096017963119337,15.210816249537558,15.509375490134133,22565400
2012-05-07,15.388900756835938,15.656032926080744,15.085103564193266,15.273667683435944,14089900
2012-05-14,14.231329917907715,15.315571673678441,14.147523859426201,15.273668644437686,18459900
2012-05-21,14.440848350524902,14.561319462127724,14.048006987348284,14.304663224738004,14893800
2012-05-28,13.801820755004883,14.666071178196379,13.765155736906882,14.556076123902377,14380400
2012-06-04,14.110860824584961,14.173714877790497,13.64468843458263,13.828014588018569,13742100
2012-06-11,14.149735450744629,14.365802091091153,13.765031530630818,14.276213410570096,13710400
2012-06-18,14.202432632446289,14.555517258714062,14.044334453503476,14.049604493317302,19805800
2012-06-25,14.77685546875,14.834823902521489,13.796650073117082,14.044335939632342,13009500
2012-07-02,14.829554557800293,15.161560080676178,14.734695836978613,14.787395238008154,8868800
2012-07-09,14.397418022155762,14.92967994236507,14.139192121191153,14.83482124299904,13234400
2012-07-16,14.1444673538208,14.560790569812184,13.986370133602831,14.392153266870986,13197600
2012-07-23,15.651658058166504,15.699087404203633,14.023253191310825,14.128650956271095,17297500
2012-07-30,15.461941719055176,15.704357499489573,14.987649231784701,15.641119037270702,11907200
2012-08-06,15.509373664855957,15.783409727435764,15.346006437423048,15.540992901259042,9969200
2012-08-13,15.635846138000488,15.651656253242058,15.31965086926849,15.446128775729878,6947000
2012-08-20,15.588418960571289,15.79921550059161,15.351272224825182,15.488290227127688,8321500
2012-08-27,15.562070846557617,15.888805254902692,15.435592913795919,15.609500196987913,8794100
2012-09-03,16.189193725585938,16.336751846052127,15.187909136052944,15.546263853501218,9362100
2012-09-10,16.514955520629883,16.54144686404019,16.016910381992346,16.24473957340888,14877900
2012-09-17,16.594423294067383,16.78516411694433,16.329505933662528,16.536141151392865,12230000
2012-09-24,16.567930221557617,16.63150981545029,16.133465957833145,16.483156755981106,10401000
2012-10-01,16.933517456054688,17.108363886804728,16.605020489954754,16.620915895635545,10154900
2012-10-08,16.684497833251953,17.0765754663916,16.63681262011257,16.922923898948888,7320700
2012-10-15,16.53084373474121,17.246119801155395,16.520246797759487,16.779865690334482,9650500
2012-10-22,16.408981323242188,16.769269103507554,16.04339608495488,16.36129611640827,13508900
2012-10-29,16.578536987304688,16.991807624385707,16.40898894504219,16.40898894504219,7817500
2012-11-05,16.06989097595215,16.59972582647557,15.852658768083929,16.36129973950812,13984400
2012-11-12,15.70429801940918,16.37718823817458,15.518856708440202,16.112270924699637,12299100
2012-11-19,16.191753387451172,16.308317705933348,15.815571113825508,15.863256333099157,8483000
2012-11-26,16.60853385925293,16.65647390309397,16.118480867973553,16.177074480663773,14176300
2012-12-03,17.04532241821289,17.04532241821289,16.560596143223393,16.683109154269005,14159200
2012-12-10,16.496671676635742,17.221099042193472,16.443405869973972,16.992051400039234,18883300
2012-12-17,16.86954116821289,17.3116541410213,16.45406110307547,16.57124833518055,23015900
2012-12-24,16.667133331298828,17.008039526476566,16.651152972407147,16.86421934439323,6466700
2012-12-31,17.508737564086914,17.530044699926584,16.57124593870488,16.635165314263578,10391800
2013-01-07,17.838993072509766,17.870951746098296,17.33828551204493,17.418186259937105,8107000
2013-01-14,18.259801864624023,18.339702630069628,17.76974979697623,17.881609243031374,8529700
2013-01-21,18.366329193115234,18.424922796595006,18.110649676807295,18.259795553330218,7101000
2013-01-28,18.840402603149414,18.89899620926195,18.270449941444284,18.419597856628986,8934500
2013-02-04,18.851062774658203,19.064130138443126,18.281109913288663,18.701916839185344,22637000
2013-02-11,19.314477920532227,19.341112859413673,18.765832316511595,18.797793023993005,14193100
2013-02-18,19.14935302734375,19.479605549493257,18.904327028070266,19.309152503741217,12131200
2013-02-25,18.946941375732422,19.218602344514018,18.435582181739882,19.18664163290418,16091900
2013-03-04,19.319808959960938,19.362421211785996,18.808449746294894,18.93628853373096,11366900
2013-03-11,19.368755340576172,19.427676107119428,19.18663753639967,19.36339983602943,8610700
2013-03-18,19.91511344909668,19.98474728445892,19.138434335105494,19.202710621351862,10754700
2013-03-25,19.77584457397461,20.016883186851516,19.57230267270626,19.952606904519733,9679900
2013-04-01,19.28305435180664,19.791913139196062,19.18128341165114,19.57765616240916,16217100
2013-04-08,19.963308334350586,20.16149461473356,19.266976558522714,19.266976558522714,7212900
2013-04-15,19.818696975708008,20.04366498761826,19.497313517748733,19.813341470174702,10960700
2013-04-22,19.28305435180664,19.984744009643084,19.138431198971375,19.722279315244425,21228500
2013-04-29,19.936532974243164,20.0383038974622,19.02058649204935,19.341971903745545,13202800
2013-05-06,19.957958221435547,20.172215175317053,19.658000937968335,19.915108056642694,8580900
2013-05-13,20.466815948486328,21.10422923113695,19.88832547072811,19.88832547072811,17028600
2013-05-20,20.327550888061523,20.847120617586466,20.08115682718943,20.477529526278328,10004600
2013-05-27,19.904396057128906,20.55252041409885,19.89368300453777,20.482888637215233,9771500
2013-06-03,19.84012794494629,20.33291630698274,19.400902824589735,19.91511730062082,12179600
2013-06-10,19.461477279663086,20.0484450041422,19.176071652221662,19.99997970380085,12984400
2013-06-17,18.572952270507812,19.870743223236637,18.309085139636824,19.633800806726192,15423800
2013-06-24,18.93374252319336,19.13298781729362,18.20676517317514,18.384469880285252,25887900
2013-07-01,18.831432342529297,19.2029983134111,18.61603052930209,19.122222119894914,9192000
2013-07-08,19.8653564453125,19.8653564453125,18.782967348745007,18.88528208190147,12380700
2013-07-15,20.016136169433594,20.09152824208325,19.76304140103639,19.84381554039654,12248900
2013-07-22,20.382312774658203,20.635409532149282,19.98920631243757,20.059212191914053,11995800
2013-07-29,20.527708053588867,20.586943638013945,20.059211606026622,20.350003354536987,7936700
2013-08-05,20.56002426147461,20.732344885797875,20.312313620787897,20.522329253292884,7485900
2013-08-12,20.242307662963867,20.72696070127261,20.139992934531524,20.4630935905881,10875200
2013-08-19,20.242307662963867,20.355392687161284,19.940745544213556,20.23692354219327,8379400
2013-08-26,20.139991760253906,20.32846678959375,19.698419930751626,20.25846089831449,10869600
2013-09-02,20.899280548095703,21.093139701988246,20.441552239104613,20.68926286982047,14400000
2013-09-09,21.4954833984375,21.61998482013918,21.02454287896769,21.02454287896769,9801700
2013-09-16,22.10175895690918,22.45361034291996,21.65788143796479,21.728252541143096,13862900
2013-09-23,21.961013793945312,22.134233359263412,21.64705410615879,22.074688746509047,8774100
2013-09-30,21.760725021362305,22.123402773664147,21.625397132006743,21.787790186245473,10929300
2013-10-07,22.128814697265625,22.128814697265625,21.37639204268714,21.59832967508036,9838700
2013-10-14,22.837932586669922,22.843346858307502,21.847333565771812,22.036791774295068,9736800
2013-10-21,22.291210174560547,23.24933188220219,21.61457072551473,22.8216952548197,15844000
2013-10-28,22.61058807373047,23.14648545573314,22.269561152948707,22.33451797335568,10460900
2013-11-04,22.366992950439453,22.702605531300232,21.91770544032675,22.545626752069342,7828500
2013-11-11,22.767560958862305,22.973257828784135,22.30744497469751,22.38322824939917,7482000
2013-11-18,22.5023193359375,22.864999121896556,22.33451202423232,22.800040253852238,8944300
2013-11-25,22.812095642089844,22.969833573370803,22.49662185442639,22.697872481465065,5024800
2013-12-02,23.165651321411133,23.317948904608443,22.801222293890348,22.806662678946797,9086400
2013-12-09,22.115875244140625,23.20915788769159,22.056043473741116,23.171083501964336,9193800
2013-12-16,23.46479606628418,23.53006612897972,22.202897121381678,22.273607566325612,11758800
2013-12-23,23.73133087158203,23.80747966269436,23.35602315124421,23.562714209191203,3079800
2013-12-30,23.75307846069336,24.12838605895307,23.551827853229828,23.758518843945446,8016500
2014-01-06,24.1501407623291,24.18277475862729,23.546386932036167,23.916254106001244,8782800
2014-01-13,24.084871292114258,24.43842150715606,23.75307846028388,24.068554292154815,7803000
2014-01-20,23.676931381225586,24.49281463571191,23.67693138122559,24.302442706291135,6367600
2014-01-27,23.546388626098633,23.948889825320148,23.35601464277111,23.68780746166069,9480800
2014-02-03,24.1501407623291,24.373148728258215,22.882801341999173,23.606218691780228,12924500
2014-02-10,25.10200309753418,25.118320094845874,23.965205945432484,24.10118645609107,11596500
2014-02-17,25.749269485473633,25.814539549375418,24.98233949120944,25.05304993746016,9230000
2014-02-24,25.607860565185547,26.04843626042538,25.145525407037965,25.792792138566114,10349700
2014-03-03,25.792787551879883,26.053872011762575,25.237988780599633,25.38484593629841,11711300
2014-03-10,25.427804946899414,25.95276558064506,25.29109631815264,25.925424272097334,7834200
2014-03-17,25.90355682373047,26.237126294472343,25.56451992432452,25.662950328346998,11830800
2014-03-24,25.619199752807617,26.001984383692285,25.19813895344375,25.903553990435988,9220400
2014-03-31,25.635610580444336,26.269938730702357,25.624673636438825,25.777786680498384,9612100
2014-04-07,24.738807678222656,25.73951429401714,24.72787073172101,25.624679484763703,13031600
2014-04-14,24.711456298828125,25.0176844440794,24.170091180662034,24.89191272888921,14196200
2014-04-21,25.017681121826172,25.56451568186609,24.514594327873436,24.79347903565014,15379400
2014-04-28,25.291105270385742,25.356724851329126,24.662244521150985,25.072370552562646,11866200
2014-05-05,25.673887252807617,25.68482419613637,25.137989545750727,25.192672176385834,6174100
2014-05-12,25.50983238220215,26.100412606623042,25.220008654599,25.69575621111411,7972400
2014-05-19,25.07236671447754,25.77231645275763,24.81535585928889,25.48796219752018,9778000
2014-05-26,24.9575252532959,25.247346859242676,24.760664507366773,25.116107752628583,11353300
2014-06-02,24.968469619750977,25.230949997058758,24.4981914948213,24.979406562889874,12434800
2014-06-09,24.512067794799805,25.243359858614667,24.358109914925446,25.10040121747086,10467000
2014-06-16,26.1835880279541,26.27156304229979,24.17115773949293,24.37460166437779,24209600
2014-06-23,26.34854507446289,26.46401400321866,25.787705580461143,26.18909177782991,11130300
2014-06-30,26.36505126953125,26.628976448656452,26.035143222506594,26.321062690931612,13030300
2014-07-07,26.579490661621094,26.771935451549076,26.040643152331857,26.38154625055752,10732300
2014-07-14,26.815916061401367,26.876399290972895,26.39803307390187,26.667457797223147,10756600
2014-07-21,26.42001724243164,27.03584224891942,26.392525447921283,26.79941113813877,12074400
2014-07-28,24.913454055786133,26.475012457363047,24.808982262561866,26.42552637043845,11349300
2014-08-04,25.29283905029297,25.3148333267777,24.44607828303782,24.96293329298066,9475400
2014-08-11,26.10661506652832,26.414528723440437,25.215867616430288,25.325836929433915,7174900
2014-08-18,25.897674560546875,27.492224415650725,25.88117989709437,26.200090707111247,7222600
2014-08-25,26.271568298339844,26.35404580844163,25.91966817055394,26.01864034368,5195800
2014-09-01,25.859188079833984,26.414532240576662,25.386321439198586,26.304562912930447,8671800
2014-09-08,24.97972297668457,26.01340635784869,24.952084845930575,25.930489856932482,7571700
2014-09-15,25.57671356201172,25.63751870734939,24.797306562596212,25.106856962636787,12548300
2014-09-22,25.02947235107422,25.56013415914633,24.68675489211526,25.49380011522844,8765700
2014-09-29,24.36614227294922,24.985245090241513,23.890758961783238,24.808358571015145,13674800
2014-10-06,22.962106704711914,24.79177727422689,22.95657781414048,24.67016909415634,14921400
2014-10-13,22.724416732788086,23.006329022242653,21.585707684338367,22.98974656658476,20005500
2014-10-20,23.426433563232422,23.968148843779453,22.6414977139861,22.691247184069695,16529000
2014-10-27,23.96261978149414,24.145035206709924,23.177686046532934,23.304823111689167,9354200
2014-11-03,23.614381790161133,24.056598243250328,23.21638592805367,23.990266302450543,9378600
2014-11-10,23.37668228149414,23.829954258837365,23.238489554044286,23.61437394140018,5951900
2014-11-17,24.167150497436523,24.62594936326055,23.371158851817324,23.43196400348592,12617800
2014-11-24,24.42873764038086,24.645562543786248,24.28418982558386,24.311987237567138,6199000
2014-12-01,24.573284149169922,24.851262471851015,24.106280482233434,24.256389030977978,12766800
2014-12-08,24.000652313232422,24.806790039461607,23.989535044341412,24.52881165943821,12246600
2014-12-15,24.9068603515625,25.107005107839328,23.222312187576776,24.034008480649202,14139600
2014-12-22,25.107004165649414,25.334946324898144,24.734514199406615,25.023609813394756,4637500
2014-12-29,24.395381927490234,25.301589871199372,24.234153966656113,25.034730895063557,4801800
2015-01-05,24.334218978881836,24.951331102173953,23.750465012807613,24.54548306631652,11637400
2015-01-12,23.97284507751465,24.42317063214079,23.377971757653743,24.323098286668312,13306700
2015-01-19,24.10071563720703,24.628874784811195,23.850536885905107,24.095157004851718,8677400
2015-01-26,23.405773162841797,24.21747145057614,23.377975755635862,23.983968564272605,11106000
2015-02-02,23.5892391204834,24.195231909920704,23.255666002968216,23.4724887414337,14097700
2015-02-09,24.28974723815918,24.712275513960353,23.494728994739596,23.572564713507745,18829800
2015-02-16,24.856821060180664,24.962454179924404,24.195233416886825,24.206352804270708,11970000
2015-02-23,25.68520736694336,25.74080220464385,24.69004407813191,24.79567511808569,16987900
2015-03-02,24.261945724487305,25.796387130656907,23.98952817769167,25.685195386313204,13841500
2015-03-09,23.409652709960938,24.53958128616987,23.286592660750326,24.533988520499413,12550100
2015-03-16,24.20395278930664,24.293451950667617,22.950962396424632,23.594239085713628,16970800
2015-03-23,24.612293243408203,24.84722774558494,24.148014869351755,24.19276551766829,13383400
2015-03-30,25.048606872558594,25.11013796053423,24.578735631633258,24.69620504223621,7899500
2015-04-06,25.574419021606445,25.870884693102106,24.936737015989113,24.998265976356315,10398500
2015-04-13,25.22201156616211,25.552040189410075,24.824859092000803,25.428978017878332,9443100
2015-04-20,25.395421981811523,25.52966970913123,24.813676139881707,25.317108318074347,7718000
2015-04-27,25.759010314941406,25.814948643537875,24.640269348960636,25.445764210117385,16576000
2015-05-04,25.719852447509766,25.848507392011868,24.908764886768886,25.71425968202223,9365300
2015-05-11,26.044282913208008,26.04987567753334,25.154884017489806,25.652723261753298,7186800
2015-05-18,25.059791564941406,26.122596096692554,25.037416238544235,26.055472251329626,9613000
2015-05-25,24.74095344543457,25.216419583210264,24.685017256909813,25.059794414449076,7185600
2015-06-01,24.175987243652344,24.914355935979188,24.1032685005786,24.76332568520844,10111000
2015-06-08,24.571508407592773,24.62779966215679,24.047991580127313,24.250643532355713,9933100
2015-06-15,25.185091018676758,25.404629904618545,24.233752983097567,24.413887563735628,12932200
2015-06-22,25.28078842163086,25.415890440663823,24.954295275642963,25.303305782698644,6950000
2015-06-29,24.295673370361328,25.11190935385761,24.16620178154617,25.021842068274303,7556400
2015-07-06,25.010591506958008,25.224502184913387,23.71587305120019,24.064883627693792,12180500
2015-07-13,25.607282638549805,25.79304549111583,25.151315759276308,25.24701131873106,7180400
2015-07-20,25.258270263671875,25.75364145466559,25.20197901015213,25.646687214028606,4914400
2015-07-27,28.754009246826172,29.44077149106848,25.08376361778492,25.151313544827524,21711500
2015-08-03,29.108652114868164,30.279529136148955,27.290417060318088,28.64142867758457,37791600
2015-08-10,29.5477294921875,30.088133232970428,28.742752147170318,29.423886162992986,14558100
2015-08-17,29.1536865234375,29.87985531357853,29.02421491817862,29.294416809245895,25150300
2015-08-24,29.19872283935547,29.513959493010606,27.138431277040098,27.915263155498884,23384300
2015-08-31,28.140432357788086,29.311307363156452,28.101025897328903,29.311307363156452,12569300
2015-09-07,27.752599716186523,29.16202295900947,27.588451772915718,28.505424708192066,11203700
2015-09-14,27.458263397216797,28.318633926535874,27.39034003310458,27.531848301231175,12807500
2015-09-21,27.53184700012207,27.97335208485391,27.118643135829114,27.622412201073335,10814800
2015-09-28,27.8092098236084,27.820530745945586,26.35450477157942,27.37902341177581,13834600
2015-10-05,28.771467208862305,28.82806966244226,27.616759018171567,27.939397753916744,10800700
2015-10-12,28.799762725830078,28.969572212148822,28.267690266987973,28.70353598272777,7738700
2015-10-19,29.156362533569336,29.218626516850875,28.5903294626387,28.788442333011307,7036300
2015-10-26,29.060136795043945,29.354474239359984,28.363916404529835,29.145042616012987,11212700
2015-11-02,28.61297035217285,29.30353136670202,28.539385450810382,29.128060343220668,8955300
2015-11-09,28.78844451904297,29.495985911432957,28.228070786202313,28.4544848954651,12369700
2015-11-16,28.358257293701172,29.10542080894096,28.267692084558316,28.771463354613164,9701600
2015-11-23,29.347679138183594,29.438750202166176,28.499578090660144,28.636185772286733,5931000
2015-11-30,28.505268096923828,29.353366879225725,27.953148611310308,29.33629173515279,11362100
2015-12-07,27.822233200073242,28.630488505653517,27.668550394511126,28.442655413058787,12990300
2015-12-14,27.702699661254883,29.19968204136239,27.37825891856347,27.907610061124206,16157900
2015-12-21,28.471113204956055,28.62479600239766,27.58886203858093,27.924686928255916,9123700
2015-12-28,28.027143478393555,28.596338086903287,27.844999206069733,28.442655282049046,6467500
2016-01-04,26.456165313720703,27.822233251482547,26.393553558971725,27.48071518138952,17355200
2016-01-11,26.126033782958984,26.80906558616158,25.76174740426441,26.496008981142865,10988000
2016-01-18,25.807289123535156,26.47893907807961,25.329165463881573,26.353715542766228,10610600
2016-01-25,26.42201042175293,26.53015877774216,25.70482623183167,25.852815861994653,8712000
2016-02-01,26.592777252197266,27.03674842627412,25.96097078366914,26.490322031824842,10216300
2016-02-08,27.429487228393555,27.457948695682568,26.24556357928313,26.370787087178453,10305400
2016-02-15,27.850696563720703,28.175137365743,27.44656885191123,27.662861272389133,6314200
2016-02-22,27.9417724609375,28.562194871842554,27.62871575920871,28.01007522809695,6401000
2016-02-29,28.135290145874023,28.169442604629253,27.32703265910809,27.907611430116116,6864800
2016-03-07,28.835420608520508,28.978595491749857,27.861833150301216,28.222632283072926,6185200
2016-03-14,28.377256393432617,29.144673719017245,27.94773181981454,28.72087736313205,10496600
2016-03-21,28.400171279907227,28.66934077231824,28.14245604086215,28.302811218634442,8567700
2016-03-28,29.48257064819336,29.67728856987564,28.451711962388746,28.508981039781958,10612600
2016-04-04,30.089637756347656,30.27290145508423,29.49975567790592,29.54557269492787,12761000
2016-04-11,30.736787796020508,31.235038042265526,30.095364828336656,30.232813699463897,13028000
2016-04-18,29.683019638061523,30.839870842126746,29.51693623913144,30.68524388138547,10438200
2016-04-25,30.055273056030273,31.051771265261053,29.539844755814748,29.620022345758798,13560200
2016-05-02,30.954408645629883,30.960136864252963,29.648654438005384,30.049544539284486,12508500
2016-05-09,30.261445999145508,31.137675660476862,30.249991745344865,30.78260253135917,11669800
2016-05-16,29.035863876342773,30.410341308231555,28.680790812855893,30.08963099979507,11727100
2016-05-23,29.691234588623047,30.111692163383665,28.660248402719024,29.132545530265688,99981200
2016-05-30,23.113656997680664,23.240368795524077,21.731329298039746,21.76588825953303,63018900
2016-06-06,30.89330291748047,32.311750683705164,30.65288871543258,32.287710180610105,26770300
2016-06-13,30.027812957763672,30.989469822930634,29.474856897556787,30.94138881389186,20512700
2016-06-20,28.104496002197266,31.181806235329965,27.83202571385098,30.452547971966816,26277700
2016-06-27,28.29682159423828,28.657441329925764,26.98255152110109,27.880102262321433,24623000
2016-07-04,28.633407592773438,28.90587787196127,27.423320888077168,28.513202004828496,16093200
2016-07-11,29.346633911132812,29.490883043136105,28.537238721143165,28.865805509143456,14993600
2016-07-18,30.65288734436035,30.78110845018619,29.378688767764473,29.39471678812174,13659700
2016-07-25,29.915620803833008,30.78111262117771,29.76335611832251,30.652891497977283,9296100
2016-08-01,29.402732849121094,30.70898762544822,29.234443200431528,30.244187206634276,9198200
2016-08-08,30.89330291748047,30.957415001777203,29.234440949207887,29.482870690309085,13033100
2016-08-15,30.580772399902344,31.229893671895766,30.22014947101711,30.81317418263208,9011400
2016-08-22,30.941389083862305,31.558454180515795,30.332336469774315,30.51665719613993,11683200
2016-08-29,31.229883193969727,31.245911213990766,30.284251411954006,31.125702592349082,9713300
2016-09-05,32.399906158447266,33.01697126814776,30.81316861508858,31.253928534293873,15831800
2016-09-12,31.470306396484375,33.08910019800809,31.318044748209783,32.263673744116595,12082900
2016-09-19,32.23963165283203,32.824640765838026,31.229890608048542,31.269959139097423,12468900
2016-09-26,31.975173950195312,32.19154460928959,31.213859702422532,32.015242477544895,11110000
2016-10-03,31.284778594970703,32.21889287609896,30.98682917105757,32.1705785798167,8811800
2016-10-10,30.576141357421875,30.98682822257648,30.149345631512624,30.83382783592381,9588800
2016-10-17,30.463401794433594,30.737190970972723,30.141292182711805,30.527821873659,3967000
2016-10-24,30.793556213378906,31.06734840353899,30.13323134263402,30.600289873086506,5855200
2016-10-31,30.535873413085938,31.357250163179476,30.45534754560939,30.825771450985414,6171700
2016-11-07,28.562963485717773,31.68741276849301,27.63690060266869,30.560035206373577,12151300
2016-11-14,27.161785125732422,28.450220315752084,27.129573554812424,28.273059747556566,11552600
2016-11-21,26.968524932861328,27.701321359969686,26.73499562474008,27.16984266637313,7916400
2016-11-28,25.38214111328125,27.14568341574743,25.261350776061064,27.09736912397832,12227300
2016-12-05,26.010255813598633,26.203522228461324,24.60103139412648,25.688147682048683,18762300
2016-12-12,26.14715003967285,26.356519145543324,24.971453595076422,26.074675527666717,9687200
2016-12-19,25.921672821044922,26.227676666324918,25.736460856546937,25.91362146252985,5779500
2016-12-26,25.28550910949707,26.002201344404078,25.11640293663311,25.921672401231895,3540000
2017-01-02,25.856534957885742,25.97800441170831,25.17631281249173,25.232997733849853,7519300
2017-01-09,26.034690856933594,26.59344358121005,25.467838521076725,25.937514052548956,7072400
2017-01-16,27.557092666625977,27.62187720823504,25.880831266203526,26.067082189684136,13042000
2017-01-23,27.800025939941406,28.39117086064914,27.46800986554082,27.557087047541337,9498400
2017-01-30,28.20492172241211,28.431661407662368,27.44371891204933,27.613773675987023,5345400
2017-02-06,28.366880416870117,28.90944013172479,28.1077484330609,28.172532973561665,8851200
2017-02-13,28.666505813598633,28.966126606669675,28.164434865201983,28.528840202232754,5031600
2017-02-20,28.302093505859375,29.144273835327233,28.08345035749197,28.626006878588022,3899000
2017-02-27,28.447853088378906,28.496438390987553,27.824315962434245,28.293991392528742,4927300
2017-03-06,28.893239974975586,28.966121028346237,28.107744520769295,28.41546486712276,5060900
2017-03-13,29.209054946899414,29.468186877816862,28.61791003642546,28.990411800982262,8958800
2017-03-20,30.520915985107422,30.682874242073414,28.966124132066252,29.29003755690142,9240900
2017-03-27,30.520915985107422,30.966301964038106,30.294176278813122,30.49662332774641,8707700
2017-04-03,29.954063415527344,30.642382070342286,29.90547501706766,30.480423831239808,6126800
2017-04-10,30.427387237548828,30.49256118112745,30.142259003554052,30.394803373424192,3981700
2017-04-17,30.427387237548828,31.05467246000201,30.354068104855216,30.49256118112745,5339700
2017-04-24,31.461999893188477,31.592344671060385,30.745105168725285,31.201310337444653,7661000
2017-05-01,32.374420166015625,32.52920363637908,30.704373428821267,31.486445293583184,14241700
2017-05-08,32.626949310302734,32.912080575054404,32.38255330313262,32.48031108446789,6906600
2017-05-15,32.87135696411133,33.31942009495078,32.17075565737088,32.94467610300642,6066600
2017-05-22,33.87969970703125,34.05176344159065,33.19964929374719,33.347130708779076,6056900
2017-05-29,33.3635139465332,34.00259791930379,33.3635139465332,33.863311669046794,4987400
2017-06-05,33.23242950439453,33.80596496909174,33.0603657394515,33.216042330326914,4860700
2017-06-12,33.142295837402344,33.98621483892919,32.89649452026701,33.34713078927067,5075100
2017-06-19,33.281585693359375,33.551969359238576,32.9292692881109,33.322552063044014,3275600
2017-06-26,33.32255172729492,33.814157535158266,32.9456561291399,33.429066787828695,4721800
2017-07-03,33.16687774658203,33.60112687992098,32.89649721325912,33.117716228917146,3277000
2017-07-10,34.8055534362793,34.871102118854154,33.068553979977374,33.30616326601141,5646000
2017-07-17,34.46963119506836,34.887496316819814,34.15828114118957,34.85472196893071,3541200
2017-07-24,35.461029052734375,35.715025541059575,34.15827851680454,34.264793576493645,4108400
2017-07-31,35.80514907836914,36.05095038772425,35.20703141290952,35.62489332625989,3208300
2017-08-07,35.84611892700195,36.66545878819057,34.67446267545955,36.07553308796404,7438700
2017-08-14,35.87070083618164,36.337724342345446,35.53477159270358,36.059148643446534,9053700
2017-08-21,35.100521087646484,36.05914726073934,35.100521087646484,35.91986097939777,5239400
2017-08-28,36.06127166748047,36.12719872127881,35.261926573412765,35.352574700598005,3603400
2017-09-04,34.80870056152344,36.37443088273734,34.76749456752161,35.88822970313004,5317400
2017-09-11,34.18239974975586,35.245450074219036,33.663235126063896,34.96526634087778,7516000
2017-09-18,33.490177154541016,34.37193108842753,33.13582709024176,34.32248894038811,3656800
2017-09-25,34.297767639160156,34.701563029408895,33.160554127505094,33.41601363029739,8737100
2017-10-02,33.63851547241211,34.82517437606086,33.556109782944,34.52851200783033,4616600
2017-10-09,34.520259857177734,34.693313642601204,33.391285881961956,33.4901733102647,4574700
2017-10-16,34.553226470947266,34.74276203529891,34.182394652183206,34.264803469450186,3482700
2017-10-23,33.663230895996094,34.55322728191823,33.55610414639715,34.380173476958376,3441300
2017-10-30,32.905094146728516,33.82805107175329,32.501298723768926,33.654997237731564,4299700
2017-11-06,32.55073928833008,33.078143168763916,30.820194912709656,32.74851731528031,10822700
2017-11-13,31.462970733642578,32.67435378800917,31.355840828751052,32.146946718160706,7947900
2017-11-20,32.04146957397461,32.298532196311385,31.320039844530978,31.676609252210127,4956000
2017-11-27,32.9619140625,32.98678996652927,31.552221507677494,31.85074500908267,18296900
2017-12-04,32.14927291870117,33.31019393935911,31.975135240092072,32.77119591081704,12464200
2017-12-11,32.4975471496582,32.9121624633662,32.04976501493405,32.04976501493405,7490300
2017-12-18,32.67168426513672,32.96191368637807,32.38974575738936,32.67997517863071,4756500
2017-12-25,33.044837951660156,33.20239378922855,32.38145410818811,32.80436348314532,2315000
2018-01-01,32.3482780456543,33.14434167147202,32.19901947678051,33.06971080540358,3839100
2018-01-08,32.16585159301758,32.945327117913955,31.7595272594808,32.08292664573288,7302500
2018-01-15,32.870697021484375,33.01995876685042,32.06634241181885,32.414620872094076,10290200
2018-01-22,33.90723419189453,34.10625090110685,32.63851255586376,32.87069608055873,9324900
2018-01-29,31.759532928466797,33.93211632291305,31.709781114478716,33.84919452409035,7940700
2018-02-05,30.855667114257812,31.983421135775817,29.993266608007175,31.626851756523408,12340800
2018-02-12,32.31511306762695,33.01166680274156,30.78932884610273,30.897126531786427,10812200
2018-02-19,32.14097213745117,32.58046644457241,31.13760401194815,32.58046644457241,5764800
2018-02-26,31.82587242126465,32.21560866580828,31.038102691197263,31.93367012546618,5875500
2018-03-05,34.197872161865234,34.46543471069571,32.19950979024167,32.33329106465691,7438400
2018-03-12,34.08080291748047,35.22630820514881,33.89685570096447,34.390174634959834,6629900
2018-03-19,33.56240463256836,34.65774087641872,33.462069486364264,34.03900056403378,7319200
2018-03-26,34.83333206176758,34.97547645852876,33.5289622573583,34.273123977631016,6933500
2018-04-02,34.89185333251953,35.04235762959352,33.8717693611506,34.833324238057024,4200400
2018-04-09,34.49887466430664,35.29320230814805,34.16442310188709,34.94202768916798,6469200
2018-04-16,33.905216217041016,35.09252756574325,33.662736712007934,34.60756855567708,5814000
2018-04-23,33.077449798583984,34.13097684054595,32.74299504801996,33.79652208998193,5923600
2018-04-30,32.09917449951172,33.25303998008497,31.781442777986328,33.11089558245631,5237700
2018-05-07,32.36674118041992,32.70955593782255,31.60585949010689,32.18279389886569,6886900
2018-05-14,32.17937088012695,32.79463871208559,31.791668391246727,32.67664258200495,5737700
2018-05-21,31.800085067749023,32.81148519512301,31.63151784399463,32.17936051740832,5262000
2018-05-28,31.934947967529297,32.34793763123761,31.50510446992978,31.513531386875382,6169900
2018-06-04,32.38164138793945,32.42378560885284,31.800087792074866,32.15407931380092,5166100
2018-06-11,33.87346267700195,33.87346267700195,32.32264957364088,32.575502087299625,10068000
2018-06-18,33.63746643066406,33.73860549501941,32.56706808618189,33.704894617002886,6571600
2018-06-25,34.25273895263672,34.311737016356886,33.51947500700506,33.671185232329314,5558400
2018-07-02,34.39601135253906,34.573005487566746,33.83974177448611,34.24430117532896,3954300
2018-07-09,35.120849609375,35.626551339080734,34.35387170704974,34.55615304196259,6790700
2018-07-16,35.36527633666992,35.45798849270343,34.81743674716316,35.23885329993135,4510900
2018-07-23,35.019718170166016,35.685557157505016,34.68258682548483,35.297854664302605,4861800
2018-07-30,34.19374465942383,35.11243302956642,33.856610073715956,35.01129393991553,6751200
2018-08-06,35.58441162109375,36.17439217105984,34.06730959217277,34.328588989409795,8539500
2018-08-13,36.0395393371582,36.19967967228465,35.09556723361138,35.474842744236014,6584000
2018-08-20,35.58441162109375,36.11539411606323,35.120850881616306,36.07325310751606,4774800
2018-08-27,36.19340133666992,36.21037799251231,35.37854128403142,35.92178131912375,4576500
2018-09-03,36.329219818115234,36.38014979752025,35.70958630620472,36.37165984863602,6630200
2018-09-10,38.62101364135742,38.94356367290487,36.37165660661924,36.49897992479932,7924800
2018-09-17,38.92658996582031,39.181233383519675,38.57857653943895,38.73136323765191,7116000
2018-09-24,38.595542907714844,39.04541293362712,38.34089631994893,38.92657958625149,7461500
2018-10-01,38.035335540771484,38.977515841552666,37.738248861743195,38.65496903067622,8117400
2018-10-08,36.60083770751953,38.145678039339195,36.10003760623954,37.77220125996482,10585200
2018-10-15,38.19660568237305,38.714382410808724,36.643275497066014,36.702695418167664,11208600
2018-10-22,37.509063720703125,38.38334374177705,36.41409687394445,38.17114038758849,9483800
2018-10-29,38.901123046875,39.15576644134576,37.42418617819829,37.67882957266905,8406300
2018-11-05,40.700599670410156,40.74303968915986,38.748329666231086,38.90111632410271,6971600
2018-11-12,42.02067947387695,42.24287729441631,40.63622841836021,40.67895776537464,6743500
2018-11-19,41.772850036621094,42.21724243978136,40.85842827282374,42.03777395732253,5516600
2018-11-26,41.48228073120117,42.09759045428191,40.960974260506134,41.73866005415481,9542900
2018-12-03,40.200382232666016,41.43100498099821,40.06364637174022,41.37972781063601,7031500
2018-12-10,40.40548324584961,41.02934079734818,39.97818328509387,40.38839085621458,8312800
2018-12-17,39.388511657714844,40.45676159065348,39.021033419980746,40.32857029468481,7545600
2018-12-24,38.909934997558594,39.610706701469475,38.627918706979884,39.49961105429247,3351000
2018-12-31,38.51681900024414,39.3201417695049,37.978420125718706,39.16631677968054,4339700
2019-01-07,40.456756591796875,40.465301155786975,38.61936563015532,39.055213374563166,5797700
2019-01-14,39.482521057128906,40.26020693470695,39.03812866136427,40.0721938895649,4638100
2019-01-21,38.52537155151367,40.00382923655063,38.474094375254886,39.35433137743446,4309100
2019-01-28,40.63622283935547,40.969516264365964,38.1407928038637,38.39717211079179,7821900
2019-02-04,41.183170318603516,41.354090960203635,40.6105899182892,40.78151055988932,5252600
2019-02-11,39.892730712890625,41.38828080481764,39.74744700873952,40.75587533152783,6803900
2019-02-18,40.24311065673828,40.584951931247694,39.499609633726315,40.14055957840146,5875300
2019-02-25,40.7216911315918,40.73878026268399,39.653441136115,40.2431139600037,4853300
2019-03-04,40.87552261352539,41.28573025291595,40.37985301173647,40.76442369242778,4339400
2019-03-11,42.14887619018555,42.37107403927256,40.952434759823305,41.02080433186258,6623500
2019-03-18,42.23432540893555,42.64453622895241,41.18316792523709,42.174503676858066,6698800
2019-03-25,44.217002868652344,44.37937568561589,41.91812691562267,42.054862777286736,9451000
2019-04-01,43.5675048828125,44.38792004907014,42.92655492291621,44.37082765893476,7047700
2019-04-08,43.88370895385742,44.10590678078568,43.35385786355514,43.482049168324544,4832200
2019-04-15,44.47338104248047,44.61011690058024,43.77260936221415,43.781153927077874,3163700
2019-04-22,44.84940719604492,45.36216914735013,44.24264198403867,44.43919959102491,4187300
2019-04-29,46.473148345947266,46.626976604874145,44.84940706173701,44.84940706173701,5071800
2019-05-06,46.73807144165039,46.8662627418685,45.5416334331221,46.003118201859095,6374100
2019-05-13,48.4643669128418,48.67801692031513,46.1142168306351,46.30222988042456,5819800
2019-05-20,47.98579025268555,48.831842408526654,47.46448374250051,47.63540439076383,4456900
2019-05-27,47.925811767578125,48.75629433350354,47.17318384841662,48.62652998880829,7584400
2019-06-03,49.837650299072266,50.47781267306779,47.93445870873287,47.93445870873287,5908900
2019-06-10,49.085025787353516,50.451861195930945,48.74763916810489,50.09717574496678,7444700
2019-06-17,49.60408020019531,50.14908584068774,48.669784816494015,49.18018619091355,7367900
2019-06-24,48.87739944458008,49.8203440968401,47.65762730725692,49.586770287559844,6482900
2019-07-01,50.088523864746094,50.33939651280884,48.479461990742585,48.85144955516464,3222200
2019-07-08,49.448360443115234,50.27884296377279,48.92930969271531,50.019317588572825,4411100
2019-07-15,48.97256088256836,50.07122143844456,48.574621774153236,49.56946954519104,5586900
2019-07-22,49.595428466796875,49.9328117951352,48.62652886228585,49.033120719536804,4524400
2019-07-29,47.97771072387695,49.68193269021018,47.631678001300536,49.68193269021018,4472000
2019-08-05,48.072872161865234,48.74763879511109,46.52436603168107,47.89985414563589,5477600
2019-08-12,47.66627883911133,48.02096427635172,46.35999929221448,47.856598981060245,7473600
2019-08-19,46.879051208496094,48.427557329714226,46.62817855146251,47.69223489005233,6252200
2019-08-26,48.738990783691406,49.06772469399493,46.87905283071075,47.00016775559203,8032100
2019-09-02,48.150726318359375,49.09367096762476,48.09881992755841,48.51406445387829,3769600
2019-09-09,48.254539489746094,49.007167363712846,46.45516070495907,48.038267794937205,5782100
2019-09-16,48.53136444091797,49.04176574580657,47.18183124836396,47.93445578267631,5860800
2019-09-23,47.6143798828125,48.70438783585131,47.22509014956851,48.375653916662564,4678100
2019-09-30,48.704383850097656,48.738988112452894,47.450007390094974,47.84794980709206,4462700
2019-10-07,48.886051177978516,49.11097558278607,47.8479497097852,48.60057426423858,4300400
2019-10-14,50.84115219116211,50.96226381648703,48.937960550221746,49.050422759471004,5054800
2019-10-21,46.879051208496094,50.98821339494067,46.12642663730703,50.71138589059426,5804600
2019-10-28,46.58491897583008,47.164528799526444,45.3911016673999,46.67142962864355,5600700
2019-11-04,44.37030029296875,46.53301717252413,44.2405359601778,46.47246136390011,7232800
2019-11-11,44.78554153442383,45.304592265459924,44.17998014818568,44.57791926198295,3900800
2019-11-18,43.401405334472656,44.96721370850567,43.288946420901205,44.29244702689928,6232900
2019-11-25,44.241943359375,44.76800891147616,43.724647406017596,44.171803292534676,4876600
2019-12-02,43.68080520629883,45.048571495453636,43.61066514626663,44.23317281177195,5287000
2019-12-09,43.873695373535156,44.0928884918946,43.181044316810144,43.69834020992329,4505500
2019-12-16,44.34716033935547,44.48744382355061,43.435316019775975,43.95261199486222,4816700
2019-12-23,44.654029846191406,44.77677747796738,44.110431757774045,44.41730083721398,1573700
2019-12-30,44.908294677734375,45.02227271023451,44.268251066331466,44.54004843804022,2463200
2020-01-06,44.768009185791016,45.24146383757461,43.31256683525026,44.917058919128706,4953700
2020-01-13,46.942405700683594,47.12652714355844,44.37346172091614,44.610190723736096,4680900
2020-01-20,46.57415771484375,47.03007984998407,46.2234506956279,46.67937283076822,3702500
2020-01-27,46.12700271606445,46.9248655738143,45.91657584007009,46.12700271606445,3056200
2020-02-03,47.08268356323242,47.56490776566507,46.45140629772255,46.45140629772255,4360300
2020-02-10,48.35401153564453,49.239550413961354,45.78506748059441,47.038852600074385,5437500
2020-02-17,49.68669891357422,50.0724809769901,47.96822551446194,48.41538138894456,5010600
2020-02-24,44.68033218383789,49.26585261293147,44.04028856870551,48.660880705521386,7984400
2020-03-02,46.28482437133789,48.44168407211086,44.79431034634857,44.829382051553466,6701900
2020-03-09,38.50784683227539,45.206391583105066,32.61593787024968,45.206391583105066,11226700
2020-03-16,27.592031478881836,33.203375450674756,25.005553466103926,33.019254018335,15329200
2020-03-23,29.424489974975586,30.8886986272275,24.856503810485595,27.36407233615102,23830000
2020-03-30,32.47565841674805,33.63299799935461,29.43325637668727,29.775197160918015,19202500
2020-04-06,38.26235580444336,40.278932119502464,33.624227938571984,33.650533390966935,11527200
2020-04-13,36.49127197265625,38.31496045099717,35.62326903593617,38.04315976106508,7062800
2020-04-20,35.29009246826172,36.50880568544236,33.89602408542006,36.37729181966279,7927600
2020-04-27,34.4571647644043,37.14885655485791,33.95740461729221,35.66711196802305,7376300
2020-05-04,34.544837951660156,34.73772562795291,33.16830538969476,34.19412761265604,6207700
2020-05-11,30.792251586914062,34.36071566360033,30.099603801563262,34.33441355689465,7054300
2020-05-18,32.13371658325195,32.940345756162756,31.69533029068165,32.01973521068952,9978700
2020-05-25,33.0543327331543,35.77232687008279,31.80054745625164,33.31736388436955,15382200
2020-06-01,37.24530029296875,37.587241077762975,33.27352141632492,33.4138049009744,9096800
2020-06-08,33.44887161254883,38.41140373970245,32.73868469623061,37.46448785127815,8327400
2020-06-15,33.72943878173828,35.36900240257277,32.352906239144474,32.64223942182274,9689800
2020-06-22,32.67731857299805,34.88678615419017,32.65101646256486,33.93987004312681,5691400
2020-06-29,33.405033111572266,33.782045578964876,32.7123853328801,33.00171853772683,5283900
2020-07-06,34.01877212524414,34.73772530332436,32.64223957614262,34.2905728026634,4423000
2020-07-13,34.43086242675781,35.15858198832035,33.492715957195394,34.69389355329099,7999500
2020-07-20,35.9652099609375,36.438667934835784,33.50147792161212,34.35194835495291,5904200
2020-07-27,36.09672546386719,36.815682055537174,35.46545148147255,35.74601843911949,6365300
2020-08-03,36.324684143066406,36.55264351641551,34.00123573135665,35.79862199249365,8516200
2020-08-10,36.91212463378906,38.288657330007226,36.24577893823878,36.342224458102294,9544400
2020-08-17,34.325653076171875,36.77184640526571,34.17659997565236,36.7017063273796,7394800
2020-08-24,36.75429916381836,36.850744667579356,34.43962045204021,34.737723216109906,4477800
2020-08-31,38.8760986328125,39.50737599806904,35.50929159248125,36.72800501570093,9491800
2020-09-07,39.29694366455078,39.72656366645517,37.63984415435987,39.02514298215235,6692200
2020-09-14,36.75429916381836,40.050965418779874,36.67539285487366,39.38461648986106,6090200
2020-09-21,33.93986511230469,36.18440407773348,33.01925459004424,36.149332372502904,6782700
2020-09-28,34.88677978515625,35.62326884443133,33.711904460708425,34.983225298633734,4637400
2020-10-05,35.272560119628906,35.728482257769805,34.44839510719455,35.21118630724666,3771800
2020-10-12,33.59792709350586,35.72848486335678,33.36996768012188,35.23749098386999,4031900
2020-10-19,34.220436096191406,35.06214039777157,32.70361978481244,33.887264891117844,4750000
2020-10-26,31.309547424316406,34.40455684627623,30.792251478323603,33.89602715428043,8491300
2020-11-02,29.836570739746094,32.598405789072416,29.82780448531162,31.861916665560205,10208600
2020-11-09,34.63251495361328,37.017337306773975,33.83465208466934,34.86047433990222,16455800
2020-11-16,37.946712493896484,38.39386833910571,34.69388734182077,35.07089978204751,10233800
2020-11-23,39.54403305053711,40.57851210637463,38.149737728991504,38.97732165996051,6587100
2020-11-30,42.620487213134766,43.08825150949008,39.391117180437746,39.45408512114948,13439500
2020-12-07,42.278656005859375,43.03427467598986,41.10024967759184,41.89185100617977,6475000
2020-12-14,42.50354766845703,43.3221343751823,41.96382145161454,42.3866057299261,4697800
2020-12-21,42.9443244934082,42.98930110390798,41.19920318145542,41.43308704644692,2370900
2020-12-28,44.824371337890625,44.959301156449236,43.06125886453362,43.16920683717462,2349400
2021-01-04,46.20067596435547,46.48853036532069,42.98929751549737,44.6984325922915,8489100
2021-01-11,43.70893096923828,45.82286224646845,42.818379109027376,45.04925573366794,5226600
2021-01-18,43.04326629638672,44.077745366358435,42.52153150295824,42.92632780996869,4039500
2021-01-25,41.80189895629883,43.331124236903655,39.88586523374119,42.92633132821136,7470700
2021-02-01,45.57999038696289,46.056752060779644,41.90984479618657,42.28765243768757,5014100
2021-02-08,46.2546501159668,47.10921943655079,44.70743344836256,44.851360660034935,4525500
2021-02-15,47.04624938964844,48.620454698117044,46.58748249532407,46.77638630878144,4072000
2021-02-22,45.831871032714844,48.647451074677555,45.74191437058594,46.5155245074156,4737300
2021-03-01,47.57698440551758,47.729909000299344,45.211177613152536,46.47054330672594,4495200
2021-03-08,48.854339599609375,49.070228696337395,47.145200998285134,47.36109352650848,2785000
2021-03-15,46.578487396240234,48.58447441865025,46.101729148973284,48.34160003602041,4540300
2021-03-22,47.80186462402344,47.81086200391677,45.11222452707845,46.34460134734935,4982300
2021-03-29,45.966793060302734,47.603966286133016,45.804874527506755,47.28013265203626,3818600
2021-04-05,48.449546813964844,48.7553925830493,45.975795380089146,46.34460909297079,5380000
2021-04-12,49.43004608154297,49.528996675959384,48.19766920448201,48.413558290940415,3106900
2021-04-19,50.88731384277344,51.10320637946811,49.0072626801443,49.62794814696136,3283800
2021-04-26,51.11219787597656,51.61594481642359,50.140690086215855,50.662424924986624,2866300
2021-05-03,51.103206634521484,51.60695017016411,49.58297178346878,51.28311307925358,2589900
2021-05-10,54.215633392333984,54.45851120422542,48.42255886203815,51.20215248019537,7160700
2021-05-17,55.304080963134766,55.72686862995446,53.3340766973172,55.510976106271244,6693100
2021-05-24,54.44051742553711,55.4030312489144,53.639922136138736,55.20513005594123,6092200
2021-05-31,55.59193420410156,55.77184406480319,53.98174626963953,54.656405673649246,3418300
2021-06-07,55.74485778808594,56.113671451744366,54.93526514517957,55.39403545332488,5204700
2021-06-14,55.43901062011719,56.572436859256875,55.1961328335526,55.457001948547344,3621000
2021-06-21,55.06121063232422,56.707381483236745,54.60244367555106,55.780846756427074,5137300
2021-06-28,53.486995697021484,54.99823300744044,52.398546036390904,54.99823300744044,6737100
2021-07-05,55.223121643066406,55.358054899176736,53.46001252206545,53.621931056799745,4299100
2021-07-12,54.593441009521484,56.37454153108892,54.29659263834127,55.097187963382176,3581200
2021-07-19,55.17814636230469,55.51097738882324,51.472018166827574,53.82882749472127,4820700
2021-07-26,55.82582473754883,56.1496584077963,54.58445032469896,54.87230476369377,2506300
2021-08-02,55.385040283203125,56.35655149345777,54.584444988546196,56.20362690747535,3259300
2021-08-09,54.215633392333984,56.230614345699756,54.12567674080268,55.49298696062,3253000
2021-08-16,51.04022979736328,54.49448577924805,50.86931390056105,53.927770968920704,4862700
2021-08-23,52.272613525390625,52.77635704024302,51.049230535328526,51.355076282844045,5088100
2021-08-30,54.926273345947266,55.1061797789712,51.79585405669625,52.42553343527054,6322800
2021-09-06,52.4525260925293,54.89029481729806,52.07471500545878,54.413536557216595,5424100
2021-09-13,52.03873062133789,53.873805140102135,51.82284152000997,52.35357375539291,4809200
2021-09-20,50.65342712402344,52.66840786959728,50.00575302577004,50.95027546472622,4937000
2021-09-27,50.24863052368164,51.36406542926529,49.47502056221508,50.57246757094625,4430200
2021-10-04,48.620452880859375,50.84233224555911,48.61145893214791,50.29360872379156,4326900
2021-10-11,49.51100540161133,50.07771682781296,47.83784953797949,48.755386735180664,5316100
2021-10-18,47.54100036621094,48.99826722320491,47.31611388684098,48.99826722320491,3049300
2021-10-25,47.36109161376953,48.21565744842358,46.83035941112907,47.478030106651445,2811200
2021-11-01,49.56497573852539,49.66392633261404,47.2441491935617,47.33410240737221,3129300
2021-11-08,50.554481506347656,52.30859674067332,48.845342881826156,49.394066443325016,8454500
2021-11-15,46.58747863769531,50.82433860781451,45.76889208233368,50.61744348189838,4801700
2021-11-22,46.986228942871094,49.728867419792444,46.495149383946185,48.19076577743767,3827900
2021-11-29,49.19145965576172,49.26558320413009,45.290612047560394,47.17154259504618,8115200
2021-12-06,49.5157585144043,51.59127095888605,48.978351282839846,49.67327680380052,5108100
2021-12-13,49.617679595947266,50.52571515119719,49.19145947432311,49.534288395231776,5225900
2021-12-20,51.174312591552734,51.25770379162504,47.542170398567315,48.34828297621709,5507500
2021-12-27,51.822914123535156,52.32326135971091,50.989002063242225,51.19284801899696,4011000
2022-01-03,53.58338928222656,54.01887351480919,51.63759580872723,51.80437820744356,4981600
2022-01-10,55.27901077270508,55.4643249590503,53.092311149894506,53.527798957619666,4641400
2022-01-17,52.5363655090332,55.21414438403267,52.39737900313464,54.41729595730473,3641500
2022-01-24,52.56416320800781,53.90768651789502,50.60910561332299,51.57273646651129,6071600
2022-01-31,52.9255256652832,54.84351978335369,52.147208955444896,52.19354015027398,4525000
2022-02-07,52.897727966308594,55.334600985758996,52.63829025009634,53.110838023850626,5607000
2022-02-14,51.33183288574219,53.81503368014575,51.174314597398656,52.647556833372605,7666700
2022-02-21,49.60841369628906,50.896341667528056,46.41175582976337,50.59984041664888,5020600
2022-02-28,42.640628814697266,48.59845701035379,41.35270079563842,48.24636043639653,11114600
2022-03-07,42.2607421875,44.04901765839132,39.221602066205634,43.10391843015542,11642200
2022-03-14,46.05966567993164,46.35616697208088,42.80741558529345,42.816679704296895,7168400
2022-03-21,44.91072082519531,46.52294604343631,44.14166822399636,46.031866476379705,5035100
2022-03-28,46.18011474609375,47.51437039641572,44.41037133019344,45.06823327020522,5665400
2022-04-04,44.54009246826172,45.82802052606936,43.919294037060496,45.64270634817047,5272600
2022-04-11,45.84654998779297,46.05039592667039,43.95635183067632,44.37330782630114,3502600
2022-04-18,47.57923126220703,48.93202225825949,44.81806102667549,45.55931418813129,5838700
2022-04-25,46.282039642333984,48.700380981067894,46.16158489766621,47.412449401010136,7414300
2022-05-02,45.13309097290039,47.857201014832945,44.54935613640654,46.72678781187734,5001900
2022-05-09,48.413143157958984,48.459470817702545,44.401104908751805,44.66981028366787,7560700
2022-05-16,49.43681335449219,50.51540208110449,47.20460917985603,48.79903971093552,8645700
2022-05-23,50.53416442871094,51.00311546273955,49.25861704370311,49.483711536461875,5095300
2022-05-30,50.12148666381836,50.62795465374316,48.61146729638061,50.4309960724877,4749300
2022-06-06,49.4649543762207,51.23758863114556,49.305509171497086,50.768637618612544,5158900
2022-06-13,47.70170211791992,48.817804346209165,46.11664525454839,47.97369458981136,6339700
2022-06-20,49.727569580078125,49.74632805134348,47.2233691222471,48.12375785392163,4877500
2022-06-27,49.980804443359375,50.21527997152922,47.626668136959054,49.72757044359843,5067000
2022-07-04,48.58332824707031,49.361788710346715,47.66418461495261,48.789667854746,3454300
2022-07-11,46.56684112548828,48.51767565101314,45.29129368527725,48.34885298523153,5356300
2022-07-18,48.30195617675781,48.81780159512187,46.219812454917985,46.81069175556677,5002400
2022-07-25,50.75925827026367,50.87180909301156,48.414503130202185,48.61146528110478,4176700
2022-08-01,48.76152801513672,51.49082277379412,48.45201862851394,50.721743396977416,5854600
2022-08-08,51.143798828125,51.162557298897674,48.27382077834206,49.41805887297571,8288100
2022-08-15,50.412235260009766,51.959775075860605,50.177759747172516,50.89056373196031,4827300
2022-08-22,46.31360626220703,49.64315797018622,46.294847791046756,49.521229696550705,6328100
2022-08-29,44.63475799560547,47.16709420605617,44.409659932933536,46.079127988401865,12985100
2022-09-05,46.613731384277344,46.68876168585715,43.34983276477925,44.83171610465025,8083500
2022-09-12,44.22208786010742,47.392194555131226,43.678102895062494,46.87634908753492,7213400
2022-09-19,41.80229568481445,44.84110001754799,41.36148055951533,43.91257537821447,5856600
2022-09-26,39.973384857177734,42.16807582408138,39.20430545301438,41.8867059212091,9392100
2022-10-03,41.90546417236328,43.56555124177384,40.01090158881811,40.40482231302671,6893400
2022-10-10,42.3931770324707,43.95947187373204,40.94880689220189,42.0930486368061,4721300
2022-10-17,42.84336853027344,44.57848599694808,41.352104037160125,43.16225538973831,5489600
2022-10-24,44.28773498535156,44.63475773453758,42.871500916993064,43.11535744827904,6604600
2022-10-31,45.20688247680664,45.99472039335161,42.90902158873274,44.25022189401541,6065800
2022-11-07,48.44264602661133,48.60208766998212,45.4507359679903,45.68521149846215,6400900
2022-11-14,47.63604736328125,49.9432856146935,46.70752273254522,48.44264372218451,6632600
2022-11-21,50.56654739379883,50.7103399865476,48.14127150413876,48.313821152718276,2645500
2022-11-28,51.68811798095703,51.956530584904016,49.09029236591124,50.231037704891214,7022300
2022-12-05,51.6689453125,51.81273424230779,49.71338515001606,51.26632826408395,5418800
2022-12-12,51.841495513916016,53.260234179442165,51.017092476305464,51.37177622848765,5987900
2022-12-19,52.69465637207031,53.18354459667896,51.37177697489769,51.7935629658698,4559700
2022-12-26,53.03016662597656,53.5765726086236,52.53169028698679,52.886374038207386,3018000
2023-01-02,54.47766876220703,54.602285110676526,51.736050587116594,53.13561673095514,4965200
2023-01-09,53.96002197265625,54.93780215062503,53.308168520677064,54.458498356922554,5850600
2023-01-16,53.42319869995117,55.2541389871091,53.126029040905465,54.10380918762612,4908200
2023-01-23,52.809688568115234,53.73953903524429,52.62755445526209,53.48071456531772,3579800
2023-01-30,53.557403564453125,54.47766960484759,52.52210929710613,52.694658951130236,5949500
2023-02-06,52.34955978393555,53.6820237160865,51.985287884815904,53.183547342764264,5658500
2023-02-13,53.902503967285156,54.75566413128928,52.65631484042078,52.65631484042078,7084300
2023-02-20,53.653263092041016,53.80664014618896,52.22493630414038,53.22188898450073,4835100
2023-02-27,53.61492156982422,54.1325705341664,51.96611538271848,53.73954157756534,4588500
2023-03-06,51.812740325927734,53.89292073059513,51.31426393244429,53.43278951894837,4361300
2023-03-13,52.809688568115234,54.391392443178425,51.400534339669754,51.515569875279894,10693700
2023-03-20,54.42973709106445,55.12952018396245,53.19313609501058,53.49989022732757,5372200
2023-03-27,56.7399787902832,56.76873950301133,54.506425130934645,54.5831118323487,4559100
2023-04-03,56.30861282348633,57.28638937123091,55.97309796469749,56.59619437616402,3550600
2023-04-10,57.40142059326172,57.6985865906952,55.76219891857782,55.93474856854455,3855900
2023-04-17,59.22277069091797,59.85545150010611,57.29597120828053,57.516450496367575,4743000
2023-04-24,61.801429748535156,61.93563422007808,59.26111828530963,59.29946346483548,6028000
2023-05-01,62.8846549987793,63.613198798274084,61.29336658215353,61.83977626017346,6280200
2023-05-08,62.78879165649414,63.57484951903928,62.156107191872636,62.94217236801264,5449600
2023-05-15,63.75294876098633,64.75151106736152,63.277898668476084,63.772335088835945,5314600
2023-05-22,60.96084976196289,64.1116532895356,60.72817313958522,63.94684360981472,5651800
2023-05-29,61.54253387451172,61.658870332981756,59.487239182950816,60.524581541792884,5995600
2023-06-05,61.78490447998047,61.90124094000643,60.214349325687145,61.19352161925531,4079000
2023-06-12,63.35546112060547,64.39280351765755,61.66856946671137,61.9109392547753,6930500
2023-06-19,63.0549201965332,63.9468391741966,62.61865017298553,63.26820677739584,4450700
2023-06-26,62.46354293823242,62.870722412633064,61.629790264056425,62.870722412633064,4421500
2023-07-03,62.52170944213867,63.937148139128766,62.07574991266555,62.40537667582163,4021300
2023-07-10,63.559051513671875,63.98562471197754,61.212913716068726,62.802858950522015,4913500
2023-07-17,62.928890228271484,63.869278716729035,62.1339102871093,63.374849714617696,4324800
2023-07-24,62.03697204589844,63.21973408664273,61.76551537078104,62.91919791892376,5032400
2023-07-31,61.79460144042969,64.3346357282679,60.79603542062396,61.36802825587483,6559200
2023-08-07,62.599266052246094,63.14217198882191,61.571616860732945,61.89154674330311,4517700
2023-08-14,60.660308837890625,62.55079018182933,59.96228268119364,62.2696477432241,3762000
2023-08-21,61.54253387451172,61.75582046359791,59.75869215213735,60.82512139929893,3837000
2023-08-28,60.417938232421875,62.98705936994449,60.165875289420434,61.55223072160171,6532600
2023-09-04,59.45815658569336,60.52458214521777,59.13822669887441,60.165875904035104,4145200
2023-09-11,60.68939208984375,61.358335056779524,59.41937679578427,59.45815684858883,5769500
2023-09-18,61.58131408691406,62.289033400040495,60.6409181579731,60.902677963913455,6611500
2023-09-25,60.57305908203125,61.64918156993979,60.068929461647535,61.077188702414965,6953600
2023-10-02,57.08293151855469,60.24343181683771,54.56228359212192,60.24343181683771,9429200
2023-10-09,56.22978973388672,57.228352057783674,55.27000376463874,56.57880281361326,7541800
2023-10-16,55.37664794921875,57.30591308275319,55.20214140655656,56.12314733765823,6192900
2023-10-23,56.15222930908203,57.528891593708984,54.727097505986535,55.06641372142133,5291300
2023-10-30,58.6244010925293,59.545403258994625,55.72565701898428,56.617579694793974,7542500
2023-11-06,58.9249382019043,59.65204752304633,57.829429487470826,58.43050549076618,6094100
2023-11-13,58.246307373046875,59.71021921872439,57.819734192854455,58.508063481276686,4590600
2023-11-20,60.58195114135742,60.84904655269427,59.10796018101498,59.503663515977244,3801100
2023-11-27,59.681732177734375,60.502811538199374,58.67269202699991,60.41377847273142,8381500
2023-12-04,62.728633880615234,63.559607893517665,60.24560650115939,60.67098628000866,9171000
2023-12-11,63.99488067626953,64.79617446439742,62.25379051631683,63.025407874871604,41391300
2023-12-18,65.23145294189453,65.51833769127164,63.33207830972248,64.03445574116422,12326300
2023-12-25,66.0228500366211,66.26027657528357,64.95446080229453,65.18198513424568,4298600
